  1   2.26 384.39 18.983         1.165 0.353 0.816       0.126 0.017 0.016 0.024
  2   4.06 285.96 20.724         0.949 0.279 0.785       0.082 0.049 0.056 0.085
  3   7.77 351.19 17.934         1.502 0.911 1.812       0.016 0.009 0.009 0.013
  4   7.95 141.48 17.799         0.690 0.324 0.735       0.008 0.020 0.011 0.011
  5   8.44 417.17 19.746         1.089 0.394 0.602       0.041 0.037 0.026 0.088
  6   9.95  18.19 16.305         0.591 0.366 0.718       0.012 0.015 0.012 0.013
  7  10.08  60.82 17.164         0.530 0.334 0.690       0.015 0.021 0.016 0.019
  8  15.78 330.49 19.687         1.474 1.037 2.218       0.044 0.020 0.017 0.016
  9  17.89 162.12 14.768         0.684 0.381 0.786       0.005 0.016 0.006 0.010
 10  18.05 197.72 18.802         0.619 0.326 0.716       0.013 0.015 0.024 0.017
 12  25.21   8.63 20.479         0.907 0.262 0.914       0.049 0.045 0.037 0.041
 13  26.66  28.14 19.947         0.935 0.496 1.031       0.038 0.032 0.022 0.024
 14  29.00  59.46 18.501         0.574 0.323 0.682       0.008 0.013 0.012 0.013
 15  29.87 252.38 18.897         0.720 0.364 0.825       0.016 0.020 0.011 0.015
 16  30.41 217.56 20.502         0.721 0.330 0.850       0.051 0.044 0.029 0.049
 17  34.77 376.82 19.331         0.667 0.345 0.745       0.021 0.019 0.019 0.023
 18  34.89  20.55 16.272         0.604 0.309 0.686       0.008 0.018 0.008 0.011
 19  35.06  63.45 17.151         0.541 0.296 0.659       0.007 0.007 0.008 0.010
 20  36.27  86.78 13.601         0.558 0.341 0.649       0.006 0.016 0.004 0.004
 21  37.72 322.94 21.075         0.867 0.489 1.136       0.092 0.060 0.057 0.055
 22  42.74 243.32 13.356         0.494 0.294 0.591       0.004 0.006 0.004 0.004
 24  46.04 359.84 14.947         0.681 0.410 0.810       0.007 0.014 0.009 0.007
 25  47.27 112.37 18.905         0.712 0.410 0.815       0.015 0.014 0.013 0.013
 26  47.71  92.17 17.015         1.088 0.678 1.229       0.018 0.018 0.012 0.012
 27  47.79 359.45 17.723         0.810 0.417 0.890       0.012 0.027 0.011 0.012
 28  50.11   5.94 19.461         0.976 0.361 0.930       0.028 0.020 0.031 0.024
 29  51.84 244.37 20.077         0.647 0.292 0.708       0.039 0.033 0.026 0.035
 30  57.35 308.22 21.126         0.445 0.492 0.779       0.075 0.099 0.061 0.106
 31  61.17 203.53 20.603         0.952 0.520 1.026       0.059 0.032 0.035 0.049
 32  63.51 316.86 20.030         0.768 0.434 0.924       0.034 0.029 0.025 0.037
 33  65.77  53.03 21.624         0.659 0.613 1.161       0.115 0.097 0.075 0.075
 34  66.31  75.36 21.558         0.704 0.456 1.090       0.129 0.088 0.107 0.102
 35  70.83 362.40 14.917         0.689 0.380 0.790       0.008 0.009 0.007 0.011
 36  72.42  94.76 17.013         1.099 0.664 1.230       0.012 0.014 0.010 0.013
 37  72.46 189.26 18.306         0.840 0.466 0.914       0.013 0.013 0.011 0.013
 38  74.07 316.26 16.587         0.683 0.405 0.800       0.012 0.012 0.011 0.013
 39  75.90 395.97 20.222         0.882 0.428 0.968       0.037 0.039 0.035 0.043
 40  80.57 153.79 18.198         0.904 0.492 0.967       0.010 0.009 0.011 0.013
 41  80.93 475.42 18.617         0.635 0.280 0.753       0.022 0.013 0.017 0.017
 42  81.05 206.53 15.338         0.751 0.431 0.831       0.007 0.006 0.006 0.007
 43  82.76 288.34 19.764         0.917 0.354 0.814       0.021 0.032 0.022 0.030
 44  84.61  53.44 19.427         0.677 0.415 0.753       0.025 0.020 0.022 0.022
 45  86.41 388.46 19.048         1.382 0.779 1.508       0.039 0.016 0.012 0.017
 46  92.55  38.08 17.622         1.087 0.589 1.141       0.010 0.011 0.009 0.012
 47  95.09 422.42 21.032         0.810 0.397 1.039       0.076 0.077 0.067 0.047
 48  95.63 155.49 18.592         0.616 0.365 0.687       0.013 0.013 0.020 0.021
 49  98.39 250.16 19.035         1.034 0.581 1.132       0.020 0.011 0.015 0.015
 50  98.83 318.87 16.562         0.668 0.367 0.780       0.006 0.014 0.008 0.011
 51 100.11 238.29 18.674         0.736 0.355 0.806       0.013 0.013 0.012 0.016
 52 100.15 343.07 18.246         0.806 0.438 0.913       0.010 0.011 0.010 0.015
 53 102.18 411.81 16.538         0.698 0.429 0.856       0.014 0.016 0.013 0.013
 55 104.21 297.83 20.521         0.823 0.395 0.904       0.057 0.046 0.036 0.048
 56 105.88 209.21 15.320         0.748 0.414 0.835       0.009 0.006 0.006 0.008
 57 106.20 270.01 21.026         1.239 0.274 0.876       0.087 0.071 0.059 0.073
 58 107.27 288.53 20.938         0.831 0.448 0.975       0.077 0.060 0.051 0.065
 59 108.37 283.31 21.017         0.946 0.363 1.108       0.101 0.059 0.079 0.076
 60 109.86 131.44 19.169         0.639 0.389 0.763       0.018 0.017 0.016 0.025
 61 113.61 349.55 20.618         1.003 0.549 1.147       0.076 0.047 0.029 0.038
 62 113.92 214.30 20.134         0.591 0.487 1.003       0.040 0.047 0.034 0.056
 63 113.97 190.01 17.411         0.485 0.293 0.605       0.018 0.018 0.018 0.026
 64 119.40 325.12 18.840         0.599 0.350 0.757       0.012 0.013 0.014 0.016
 65 122.14 174.15 18.230         0.635 0.326 0.677       0.010 0.011 0.011 0.014
 66 124.31 408.08 21.347         1.071 0.612 1.373       0.113 0.081 0.054 0.069
 67 124.49 340.64 19.577         0.351 0.605 1.011       0.023 0.025 0.020 0.024
 68 126.93 414.42 16.498         0.690 0.380 0.812       0.038 0.025 0.011 0.014
 69 128.30 117.58 18.102         0.662 0.352 0.750       0.013 0.009 0.017 0.018
 70 129.13  24.08 18.456         1.128 0.564 1.108       0.024 0.014 0.014 0.023
 71 138.09  88.23 17.064         1.001 0.603 1.127       0.024 0.015 0.013 0.013
 72 138.59 199.06 19.318         0.587 0.388 0.737       0.025 0.021 0.016 0.024
 73 138.96 192.42 17.415         0.490 0.284 0.584       0.011 0.012 0.008 0.013
 74 140.21 180.62 21.064         0.853 0.509 0.897       0.083 0.065 0.050 0.095
 75 141.17 170.90 18.302         0.637 0.359 0.711       0.011 0.026 0.012 0.016
 76 142.66 152.24 19.589         0.716 0.376 0.775       0.032 0.024 0.016 0.023
 77 143.39 279.39 19.990         0.679 0.432 0.819       0.032 0.036 0.025 0.025
 78 144.34 242.45 18.582         0.607 0.348 0.678       0.013 0.013 0.012 0.016
 79 147.77 226.42 17.195         1.035 0.544 1.095       0.006 0.011 0.007 0.008
 80 148.53 300.37 18.772         0.565 0.384 0.769       0.014 0.015 0.015 0.013
 81 150.06  43.33 21.469         1.144 0.428 0.967       0.138 0.089 0.074 0.096
 82 151.11 120.48 20.379         0.700 0.463 0.886       0.054 0.037 0.035 0.048
 83 151.36 360.82 19.492         0.619 0.415 0.841       0.020 0.019 0.018 0.023
 84 151.97 326.04 17.329         0.621 0.340 0.729       0.029 0.023 0.023 0.024
 85 156.10 240.00 19.389         0.630 0.372 0.770       0.020 0.020 0.022 0.019
 86 157.78 212.25 18.085         0.589 0.341 0.724       0.014 0.007 0.010 0.010
 87 158.24 247.62 18.826         0.598 0.330 0.701       0.014 0.015 0.013 0.018
 88 158.94 256.52 19.817         0.737 0.414 0.874       0.029 0.028 0.021 0.027
 89 159.18 132.08 21.556         0.876 0.588 1.172       0.118 0.084 0.076 0.077
 90 160.96 283.09 18.467         0.613 0.364 0.722       0.009 0.012 0.011 0.013
 91 161.11 298.52 19.669         0.899 0.484 0.965       0.024 0.026 0.024 0.022
 92 161.67 273.00 19.945         0.685 0.438 0.884       0.038 0.028 0.027 0.024
 93 163.07  90.79 17.034         1.050 0.578 1.125       0.008 0.007 0.012 0.016
 94 163.71 391.37 19.452         0.782 0.324 0.779       0.023 0.021 0.018 0.023
 95 163.77  35.82 19.054         0.636 0.357 0.687       0.022 0.011 0.020 0.019
 96 164.45 134.28 19.983         0.799 0.404 0.802       0.038 0.024 0.027 0.030
 97 165.82 235.79 20.394         1.065 0.411 0.960       0.062 0.045 0.036 0.033
 98 166.08 353.28 19.815         0.664 0.456 0.845       0.038 0.022 0.019 0.030
 99 166.79 194.58 17.512         1.014 0.562 1.092       0.011 0.007 0.008 0.011
100 167.60 293.67 19.457         0.682 0.358 0.768       0.018 0.021 0.017 0.021
101 169.39 272.88 21.416         0.853 0.526 1.211       0.131 0.076 0.066 0.070
102 172.25 130.20 18.123         0.766 0.428 0.850       0.011 0.009 0.010 0.014
103 173.46  58.54 19.764         0.575 0.407 0.750       0.029 0.023 0.017 0.038
104 175.20 279.98 20.146         0.760 0.372 0.738       0.035 0.035 0.031 0.030
105 175.38 188.09 18.886         0.657 0.328 0.742       0.016 0.014 0.013 0.016
106 175.70 192.78 19.655         0.718 0.413 0.810       0.029 0.020 0.024 0.027
107 176.69 214.61 20.192         0.819 0.333 0.812       0.045 0.028 0.031 0.039
108 177.43 176.80 16.701         0.636 0.357 0.712       0.006 0.009 0.011 0.013
109 178.24 286.11 18.820         0.543 0.324 0.666       0.017 0.013 0.016 0.018
110 178.53 227.65 16.539         0.745 0.450 0.856       0.015 0.013 0.011 0.012
111 179.20 348.46 19.959         0.788 0.391 0.886       0.035 0.025 0.026 0.031
112 180.85 245.59 21.217         1.323 0.417 1.131       0.160 0.103 0.059 0.058
113 183.27 276.84 19.412         0.741 0.390 0.813       0.035 0.025 0.057 0.059
114 184.68  75.68 19.621         0.998 0.524 1.099       0.033 0.022 0.020 0.021
115 186.55 316.64 18.377         0.651 0.371 0.768       0.010 0.010 0.012 0.014
116 186.83 282.59 19.236         0.654 0.436 0.877       0.024 0.017 0.020 0.034
117 188.89 311.78 19.304         0.607 0.353 0.782       0.020 0.015 0.030 0.015
118 189.27 176.74 17.490         0.340 0.166 0.354       0.007 0.009 0.011 0.011
119 190.87 192.78 19.361         1.113 0.370 0.769       0.035 0.022 0.015 0.017
120 190.98 349.94 20.862         0.932 0.356 0.919       0.083 0.055 0.049 0.055
121 190.99 154.20 18.934         0.626 0.376 0.751       0.016 0.012 0.015 0.018
122 191.17 223.17 18.384         0.589 0.350 0.705       0.011 0.009 0.013 0.013
123 191.74 159.19 18.692         0.590 0.322 0.632       0.016 0.009 0.016 0.016
124 191.94 375.43 20.125         0.894 0.411 0.752       0.035 0.031 0.022 0.040
125 192.18 215.80 20.607         0.792 0.490 0.997       0.062 0.039 0.046 0.046
126 192.25 120.79 18.778         0.643 0.330 0.700       0.014 0.010 0.015 0.018
127 192.34 344.51 19.889         0.849 0.311 0.752       0.026 0.026 0.029 0.028
128 194.25 243.35 17.681         0.369 0.174 0.400       0.007 0.009 0.010 0.012
129 195.82 180.53 18.617         0.574 0.374 0.702       0.013 0.013 0.013 0.015
130 196.06 235.05 15.045         0.871 0.506 0.953       0.008 0.007 0.007 0.007
131 197.56 268.83 18.754         1.558 0.955 2.144       0.024 0.014 0.010 0.012
132 197.70 186.02 19.806         0.794 0.486 0.882       0.036 0.038 0.053 0.054
133 198.00 261.03 18.287         0.674 0.367 0.763       0.014 0.007 0.012 0.012
134 198.37 227.06 20.289         0.961 0.448 0.953       0.052 0.034 0.049 0.040
135 199.12 215.38 19.361         0.677 0.382 0.635       0.019 0.016 0.020 0.053
136 200.28  47.44 18.645         1.182 0.657 1.256       0.017 0.011 0.014 0.012
137 200.62  77.64 19.083         0.804 0.353 0.753       0.021 0.015 0.018 0.019
138 201.55  33.13 18.407         0.729 0.353 0.745       0.016 0.013 0.013 0.015
139 201.68 211.71 16.832         0.393 0.236 0.456       0.029 0.019 0.020 0.024
140 202.15 199.21 17.340         0.996 0.560 1.109       0.009 0.008 0.011 0.019
141 202.46 465.48 19.947         1.133 0.656 1.320       0.045 0.038 0.023 0.024
142 202.58 189.52 17.964         0.577 0.365 0.737       0.011 0.011 0.011 0.013
143 203.29 230.49 16.534         0.736 0.438 0.866       0.007 0.006 0.010 0.013
144 204.54 161.83 20.673         0.894 0.447 0.818       0.067 0.042 0.036 0.047
145 205.11 328.51 16.230         0.467 0.288 0.603       0.006 0.010 0.009 0.008
146 207.10 170.58 18.110         1.130 0.370 0.764       0.031 0.008 0.010 0.013
147 207.88 278.63 18.682         0.639 0.318 0.697       0.012 0.020 0.011 0.013
148 208.20 254.55 19.604         0.731 0.417 0.830       0.028 0.021 0.022 0.028
149 209.15 219.09 20.509         1.111 0.489 0.937       0.077 0.039 0.035 0.038
150 209.89 155.61 19.875         0.703 0.400 0.905       0.038 0.024 0.024 0.044
151 209.97 293.56 21.257         0.898 0.619 1.188       0.118 0.076 0.069 0.062
152 211.80 502.96 18.036         1.026 0.535 1.035       0.017 0.011 0.012 0.019
153 212.74 242.07 18.223         0.856 0.450 0.923       0.011 0.007 0.013 0.014
154 213.35 166.12 18.304         0.578 0.370 0.736       0.015 0.012 0.013 0.015
155 214.87 273.84 19.609         0.730 0.364 1.038       0.037 0.039 0.057 0.064
156 215.40 301.47 19.487         0.983 0.382 0.851       0.034 0.016 0.023 0.024
157 215.51 264.42 16.915         1.055 0.590 1.156       0.020 0.015 0.013 0.013
158 215.76 256.54 17.479         1.496 0.574 1.106       0.039 0.008 0.010 0.011
159 216.04 200.09 19.064         0.582 0.375 0.740       0.017 0.014 0.015 0.017
160 218.45 224.48 16.327         0.996 0.552 1.062       0.032 0.021 0.015 0.014
161 218.53 228.41 17.365         0.677 0.138 0.613       0.017 0.010 0.033 0.031
162 219.33 262.62 19.811         0.720 0.330 0.810       0.056 0.046 0.039 0.045
163 219.36 217.18 18.675         0.615 0.359 0.707       0.018 0.016 0.020 0.018
164 219.54 198.43 16.896         0.595 0.386 0.743       0.021 0.018 0.015 0.018
165 220.28 303.02 20.387         0.873 0.458 0.839       0.046 0.039 0.033 0.055
166 220.41 179.82 21.060         0.813 0.450 0.956       0.083 0.057 0.063 0.077
167 220.53 458.64 20.064         0.992 0.339 0.812       0.055 0.029 0.030 0.036
168 221.02 237.63 15.028         0.877 0.491 0.949       0.007 0.007 0.010 0.010
169 221.15 223.15 19.767         0.751 0.437 0.876       0.054 0.051 0.044 0.051
170 222.65 194.01 20.267         0.872 0.330 0.839       0.054 0.033 0.034 0.048
171 222.75 435.43 20.221         0.894 0.495 1.064       0.043 0.038 0.029 0.031
172 222.98 200.20 19.767         0.697 0.374 0.825       0.029 0.023 0.019 0.024
173 223.76 218.65 16.971         0.409 0.281 0.547       0.026 0.018 0.017 0.021
174 225.70 205.78 19.135         0.675 0.384 0.774       0.020 0.017 0.015 0.019
175 226.59 214.49 16.852         0.361 0.243 0.464       0.015 0.011 0.020 0.017
176 226.62  59.45 18.893         0.716 0.313 0.707       0.018 0.027 0.015 0.017
177 227.65 437.71 19.569         1.691 1.008 2.298       0.050 0.019 0.015 0.014
178 228.35 195.49 19.333         0.677 0.400 0.730       0.020 0.018 0.016 0.020
179 228.64 181.77 19.808         0.744 0.321 0.791       0.032 0.024 0.026 0.031
180 228.89 145.91 19.026         0.660 0.334 0.729       0.017 0.014 0.015 0.015
181 229.61 236.13 17.631         0.867 0.531 1.087       0.036 0.020 0.028 0.023
182 230.05 177.36 20.229         0.527 0.551 0.922       0.033 0.038 0.028 0.031
183 230.88  95.61 13.673         1.059 0.593 1.130       0.005 0.004 0.003 0.003
184 231.20 244.60 18.272         0.635 0.421 0.814       0.022 0.013 0.011 0.011
185 233.32 252.73 19.644         0.683 0.385 0.786       0.032 0.018 0.019 0.027
186 234.09 367.42 19.857         0.687 0.445 0.839       0.035 0.033 0.029 0.024
187 235.25 186.60 18.803         0.604 0.368 0.707       0.024 0.021 0.027 0.029
188 235.51 211.15 14.796         1.366 0.769 1.429       0.014 0.008 0.006 0.006
189 235.96 202.98 18.168         0.651 0.363 0.760       0.012 0.010 0.013 0.016
190 236.46 114.82 17.539         0.882 0.479 0.964       0.011 0.008 0.010 0.015
191 236.57 165.72 19.085         0.614 0.354 0.780       0.018 0.014 0.013 0.067
192 236.58 208.20 16.181         1.136 0.641 1.222       0.012 0.008 0.010 0.011
193 237.13 328.48 19.494         0.803 0.748 1.291       0.071 0.079 0.133 0.173
194 237.80 318.28 19.819         0.926 0.666 1.236       0.027 0.026 0.026 0.026
195 238.09 236.89 19.327         0.756 0.390 0.759       0.041 0.023 0.033 0.024
196 238.31 285.89 20.138         0.742 0.478 0.957       0.042 0.030 0.030 0.035
197 238.62 467.77 20.159         0.953 0.371 0.848       0.046 0.033 0.035 0.043
198 238.76 274.70 19.246         0.634 0.368 0.771       0.024 0.015 0.014 0.023
199 238.85 221.68 16.767         0.886 0.536 1.036       0.038 0.026 0.021 0.020
200 239.55 474.96 19.300         0.727 0.356 0.782       0.022 0.022 0.016 0.024
201 240.24 267.17 16.930         1.064 0.590 1.164       0.011 0.007 0.009 0.013
202 240.70 441.44 20.028         0.715 0.414 0.920       0.043 0.030 0.026 0.046
203 240.84 315.16 19.157         0.854 0.569 1.028       0.020 0.015 0.014 0.016
204 241.41 424.70 19.324         0.689 0.382 0.798       0.016 0.023 0.014 0.029
205 242.12 273.88 18.519         0.631 0.380 0.792       0.019 0.013 0.014 0.016
206 243.07 227.31 16.349         1.478 0.556 1.074       0.021 0.013 0.019 0.009
207 243.09 281.72 17.443         1.006 0.574 1.109       0.010 0.009 0.009 0.011
208 244.10 138.49 18.862         0.587 0.372 0.706       0.014 0.014 0.013 0.018
209 244.37 201.15 16.904         0.581 0.380 0.757       0.013 0.009 0.014 0.015
210 245.96 457.01 18.408         0.853 0.360 0.812       0.017 0.018 0.013 0.019
211 246.59 143.95 19.674         0.730 0.431 0.808       0.026 0.023 0.021 0.023
212 248.34 263.21 19.620         0.743 0.417 0.882       0.031 0.016 0.020 0.023
213 248.67 221.41 16.948         0.424 0.252 0.525       0.023 0.006 0.012 0.011
214 249.13 272.65 18.303         0.634 0.379 0.809       0.014 0.012 0.010 0.017
215 250.17 238.48 18.845         0.729 0.358 0.716       0.014 0.014 0.015 0.016
216 250.20 136.17 20.411         0.882 0.450 0.847       0.059 0.030 0.036 0.053
217 250.76  76.97 21.117         0.957 0.374 1.036       0.120 0.058 0.061 0.053
218 250.96 485.53 21.231         1.113 0.477 1.169       0.126 0.070 0.059 0.073
219 252.16 130.32 19.724         0.748 0.348 0.719       0.020 0.022 0.022 0.032
220 252.32 230.61 21.163         1.296 0.649 1.045       0.180 0.081 0.053 0.090
221 252.70  75.60 16.934         0.629 0.376 0.736       0.014 0.014 0.014 0.017
222 253.14 110.42 18.001         0.429 0.280 0.588       0.013 0.012 0.016 0.022
223 253.16 321.77 18.424         0.612 0.364 0.751       0.015 0.010 0.011 0.014
224 254.12  41.16 18.204         0.679 0.350 0.729       0.023 0.010 0.015 0.018
225 255.46 263.47 20.605         0.800 0.609 0.916       0.071 0.049 0.025 0.042
226 255.74 224.69 15.143         1.303 0.716 1.353       0.021 0.011 0.008 0.006
227 255.97 232.85 20.315         0.953 0.590 0.877       0.059 0.039 0.028 0.033
228 256.08 225.15 18.170         0.666 0.405 0.804       0.030 0.008 0.011 0.014
229 257.28 377.19 21.592         0.890 0.605 1.231       0.162 0.100 0.080 0.089
230 258.11 242.77 20.287         0.754 0.413 0.875       0.050 0.033 0.029 0.034
231 258.80  47.92 17.715         0.581 0.309 0.650       0.016 0.010 0.011 0.014
232 259.22 254.18 18.970         0.622 0.426 0.818       0.017 0.013 0.019 0.023
233 259.47 159.59 15.750         1.078 0.614 1.152       0.009 0.008 0.007 0.007
234 259.66 281.61 19.118         0.132 0.785 1.141       0.019 0.034 0.012 0.017
235 260.94 340.84 20.806         0.935 0.413 0.873       0.075 0.049 0.041 0.064
236 262.36 393.58 18.712         0.837 0.411 0.894       0.014 0.017 0.013 0.013
237 262.79 491.70 17.426         1.239 0.673 1.328       0.008 0.019 0.013 0.017
238 263.98  93.78 18.999         0.377 0.608 0.980       0.013 0.027 0.031 0.040
239 264.70 116.47 18.848         0.553 0.368 0.701       0.019 0.012 0.012 0.018
240 265.03 165.48 19.492         0.667 0.363 0.775       0.034 0.021 0.023 0.022
241 266.61 183.83 20.221         0.865 0.350 0.813       0.079 0.072 0.077 0.115
242 268.06 210.68 20.112         0.472 0.589 1.125       0.032 0.046 0.027 0.051
243 268.40 198.37 20.341         0.825 0.475 0.924       0.047 0.037 0.027 0.041
244 268.45 125.13 20.059         0.550 0.427 0.772       0.029 0.035 0.031 0.036
245 269.20 241.15 18.422         0.611 0.367 0.716       0.020 0.009 0.015 0.019
246 270.93 474.40 20.953         0.613 0.660 0.942       0.066 0.053 0.045 0.095
247 271.03 248.88 18.380         0.723 0.266 0.765       0.024 0.011 0.014 0.012
248 271.52 237.42 18.866         0.451 0.360 0.735       0.041 0.026 0.040 0.036
249 271.72 328.76 18.125         0.613 0.383 0.783       0.011 0.009 0.010 0.011
250 271.97 295.85 20.567         0.951 0.446 0.958       0.059 0.039 0.042 0.040
251 273.74 241.68 19.946         0.291 0.265 0.801       0.101 0.075 0.143 0.114
252 275.33 369.88 20.012         0.723 0.420 0.837       0.035 0.023 0.024 0.027
253 277.49 167.59 21.194         1.211 0.444 1.102       0.121 0.074 0.065 0.107
254 277.68  78.19 16.918         0.621 0.364 0.738       0.011 0.006 0.007 0.013
255 279.55 123.21 21.175         1.120 0.532 1.131       0.127 0.071 0.067 0.058
256 280.21 156.20 20.030         0.817 0.431 0.858       0.037 0.028 0.029 0.028
257 280.46 227.67 15.152         1.291 0.727 1.378       0.005 0.008 0.011 0.014
258 280.89 415.44 18.791         0.975 0.502 0.963       0.019 0.015 0.014 0.016
259 281.38 191.31 18.478         0.600 0.351 0.713       0.012 0.011 0.014 0.017
260 281.59 176.58 19.860         1.436 0.975 2.045       0.042 0.035 0.026 0.024
261 283.05 214.13 18.115         0.662 0.385 0.754       0.010 0.009 0.010 0.021
262 283.19  23.83 19.656         1.006 0.541 1.120       0.031 0.021 0.015 0.018
263 284.21 162.35 15.726         1.071 0.599 1.167       0.008 0.006 0.009 0.013
264 284.37 104.69 20.372         0.803 0.313 0.821       0.052 0.029 0.079 0.050
265 284.59 363.28 19.717         0.700 0.386 0.881       0.021 0.022 0.028 0.024
266 285.72 129.33 18.620         0.239 0.734 1.067       0.013 0.012 0.010 0.013
267 286.59 296.96 21.161         0.823 0.610 0.948       0.096 0.090 0.051 0.059
268 286.72 190.73 20.914         1.081 0.536 1.025       0.097 0.044 0.055 0.063
269 287.43  84.89 21.321         0.713 0.311 0.974       0.122 0.076 0.099 0.094
270 287.76 309.65 20.000         0.768 0.405 0.919       0.041 0.029 0.033 0.035
271 288.40 411.79 21.108         0.905 0.411 0.935       0.113 0.071 0.073 0.072
272 289.74 293.33 20.037         0.731 0.340 0.827       0.038 0.029 0.026 0.031
273 289.86 266.58 20.054         0.680 0.330 0.821       0.041 0.026 0.030 0.048
274 291.38 196.97 19.502         0.689 0.366 0.715       0.021 0.019 0.021 0.021
275 292.31 193.24 18.502         0.575 0.357 0.706       0.010 0.013 0.012 0.016
276 293.54 177.25 19.292         0.828 0.509 1.028       0.024 0.016 0.017 0.016
277 295.31 439.65 18.768         0.644 0.311 0.749       0.015 0.017 0.013 0.016
278 296.90 413.17 20.360         0.722 0.443 0.854       0.060 0.032 0.038 0.047
279 297.54 120.00 19.858         0.645 0.381 0.760       0.032 0.024 0.028 0.030
280 298.05 308.87 18.499         0.626 0.346 0.745       0.011 0.009 0.010 0.016
281 300.79 258.41 18.255         0.615 0.366 0.752       0.015 0.010 0.014 0.013
282 300.94 254.52 18.219         0.612 0.390 0.779       0.018 0.008 0.015 0.021
283 301.83 138.04 19.905         0.883 0.427 0.764       0.039 0.026 0.026 0.029
284 302.18 401.87 18.937         0.696 0.371 0.760       0.015 0.017 0.015 0.018
285 302.98 165.24 18.311         0.600 0.339 0.728       0.013 0.008 0.008 0.014
286 303.30 174.63 18.942         0.555 0.369 0.734       0.017 0.017 0.015 0.015
287 304.58 121.20 15.998         1.048 0.621 1.170       0.032 0.009 0.009 0.007
288 304.70 202.27 19.989         0.996 0.304 0.832       0.057 0.022 0.036 0.026
289 308.88 231.87 20.186         0.497 0.481 0.856       0.056 0.032 0.023 0.033
290 314.74 149.90 20.105         0.804 0.411 0.887       0.050 0.026 0.026 0.027
291 316.04 271.23 21.304         0.751 0.545 1.158       0.106 0.077 0.080 0.068
292 318.08 101.54 19.431         0.716 0.465 0.919       0.026 0.018 0.024 0.046
293 323.96 255.24 20.778         0.792 0.590 1.128       0.073 0.052 0.046 0.042
294 324.46  74.34 17.343         1.467 0.570 1.097       0.020 0.010 0.012 0.014
295 324.70 314.57 16.850         0.682 0.421 0.821       0.015 0.013 0.013 0.014
296 324.79 279.53 20.308         0.719 0.483 0.876       0.040 0.034 0.028 0.040
297 327.08 220.01 18.508         0.615 0.360 0.750       0.017 0.010 0.010 0.015
298 327.86  21.92 19.561         0.634 0.387 0.772       0.027 0.021 0.017 0.021
299 329.55 123.79 15.981         1.027 0.616 1.185       0.009 0.008 0.012 0.015
300 329.80 114.77 19.684         0.688 0.325 0.702       0.033 0.023 0.019 0.026
301 334.05  71.89 20.460         0.928 0.472 0.933       0.063 0.040 0.041 0.056
302 336.97 421.24 21.668         0.515 0.712 1.206       0.130 0.100 0.070 0.101
303 340.68 215.77 19.330         0.863 0.474 1.005       0.021 0.018 0.016 0.024
304 340.83 406.54 20.242         0.733 0.478 0.866       0.038 0.040 0.034 0.034
305 340.84 103.87 20.065         0.714 0.291 0.788       0.034 0.032 0.028 0.045
306 341.27  30.68 20.122         1.010 0.564 1.163       0.048 0.038 0.023 0.035
307 342.08 224.51 20.166         0.692 0.435 0.885       0.039 0.027 0.030 0.033
308 343.29 248.30 18.391         0.937 0.509 1.019       0.013 0.010 0.010 0.015
309 343.71 237.78 20.784         0.921 0.503 0.950       0.083 0.050 0.041 0.064
310 344.89 175.63 20.975         0.906 0.449 1.053       0.093 0.051 0.059 0.049
311 345.21 155.65 19.845         0.607 0.391 0.783       0.029 0.023 0.024 0.027
312 346.08  72.78 21.434         1.026 0.484 1.049       0.179 0.103 0.064 0.092
313 347.02 332.72 19.292         0.685 0.348 0.772       0.023 0.014 0.015 0.018
314 347.13 214.04 20.209         0.638 0.458 0.841       0.040 0.030 0.024 0.042
315 349.46 317.40 16.815         0.676 0.401 0.797       0.009 0.009 0.010 0.011
316 351.55 140.06 20.194         0.850 0.514 1.076       0.043 0.030 0.028 0.032
317 351.87 121.94 19.491         0.669 0.338 0.783       0.026 0.019 0.018 0.022
318 362.81 252.76 19.539         0.716 0.380 0.734       0.027 0.018 0.020 0.024
319 364.68 279.30 19.808         0.704 0.482 0.965       0.027 0.019 0.022 0.031
320 365.83 137.94 18.511         0.577 0.358 0.732       0.012 0.009 0.011 0.013
321 373.42  81.26 19.698         0.652 0.349 0.816       0.028 0.022 0.024 0.021
322 374.22 128.65 19.616         0.798 0.396 0.915       0.028 0.023 0.024 0.027
323 376.42 258.13 19.447         0.998 0.537 1.046       0.029 0.021 0.019 0.020
324 377.20   8.17 18.429         0.899 0.505 1.038       0.014 0.009 0.015 0.019
325 379.55 458.91 19.902         0.756 0.480 0.932       0.030 0.035 0.024 0.035
326 380.79 275.22 18.517         0.930 0.361 0.743       0.017 0.008 0.012 0.012
327 383.21 168.42 17.858         0.696 0.433 0.840       0.008 0.008 0.010 0.013
328 385.97 363.96 20.510         0.668 0.525 1.011       0.057 0.036 0.034 0.034
329 387.94 238.30 18.201         0.737 0.428 0.868       0.012 0.010 0.010 0.013
330 389.23 466.13 19.875         0.764 0.498 1.004       0.033 0.029 0.030 0.033
331 392.91 433.58 20.025         0.680 0.416 0.868       0.039 0.027 0.080 0.036
332 395.54 446.43 16.947         0.746 0.462 0.864       0.014 0.014 0.021 0.014
333 395.98 224.94 18.407         0.550 0.361 0.750       0.012 0.009 0.013 0.015
334 402.70 265.75 19.650         0.581 0.387 0.807       0.027 0.025 0.021 0.026
335 411.03  61.67 19.810         0.644 0.396 0.782       0.030 0.025 0.023 0.033
336 413.30 162.21 18.787         0.576 0.305 0.677       0.015 0.012 0.017 0.018
337 414.70 171.35 20.014         0.689 0.377 0.798       0.039 0.029 0.030 0.033
338 415.55 369.06 19.273         0.796 0.351 0.835       0.026 0.020 0.023 0.032
339 419.19  12.02 19.915         0.813 0.497 0.964       0.040 0.026 0.022 0.026
340 420.14 449.24 16.915         0.741 0.397 0.816       0.014 0.018 0.011 0.014
341 422.43 131.85 13.516         0.540 0.360 0.688       0.010 0.003 0.004 0.004
342 426.37  14.78 17.602         0.961 0.545 1.041       0.011 0.011 0.011 0.031
343 427.12 113.25 19.847         0.599 0.388 0.862       0.035 0.028 0.023 0.028
344 427.74 258.17 19.260         0.635 0.402 0.765       0.016 0.017 0.019 0.022
345 430.02  93.70 18.739         0.843 0.533 1.092       0.018 0.012 0.014 0.014
346 431.44 322.70 18.064         0.669 0.406 0.812       0.009 0.012 0.010 0.019
347 437.18 146.43 19.263         1.021 0.368 0.757       0.050 0.018 0.020 0.023
348 437.41 341.46 19.551         0.642 0.400 0.797       0.020 0.020 0.022 0.035
349 442.51 325.23 19.972         0.461 0.562 1.048       0.035 0.030 0.017 0.022
350 448.32 225.32 20.415         0.685 0.371 0.825       0.053 0.034 0.030 0.040
351 453.92 311.18 21.178         0.880 0.409 1.256       0.113 0.070 0.117 0.095
352 454.01 450.82 21.567         0.814 0.468 1.155       0.119 0.114 0.098 0.122
353 456.40 367.56 21.373         0.914 0.342 0.950       0.153 0.080 0.128 0.074
354 462.38  55.53 20.917         0.918 0.487 0.958       0.088 0.057 0.052 0.062
355 466.27 150.33 18.809         0.589 0.342 0.729       0.014 0.014 0.012 0.016
356 466.43 381.10 19.867         0.827 0.369 0.860       0.037 0.030 0.025 0.027
357 475.73 264.51 16.624         0.728 0.482 0.899       0.017 0.013 0.012 0.013
358 478.56 105.50 18.548         0.564 0.340 0.738       0.014 0.011 0.014 0.016
359 482.69 287.43 17.710         0.422 1.001 1.460       0.011 0.020 0.013 0.013
360 483.23 136.57 21.033         0.952 0.422 0.848       0.084 0.065 0.052 0.068
361 487.95  76.56 18.630         0.476 0.884 1.339       0.014 0.019 0.011 0.011
362 492.33 349.58 19.424         0.698 0.315 1.082       0.022 0.023 0.015 0.122
363 493.30  19.46 19.175         1.089 0.664 1.272       0.025 0.018 0.016 0.014
364 497.61  70.08 19.509         0.863 0.411 1.011       0.107 0.108 0.172 0.167
365 500.62 267.17 16.589         0.743 0.440 0.879       0.011 0.007 0.008 0.014
