  644 444.55 376.40 18.622  1.758  1.468
  656 448.06 381.20 17.054  0.850  1.064 P297, R47
  658 471.02 381.97 18.251  1.014  1.428 P208
  669 310.88 386.45 16.434         1.020 P124, R43
  673 396.46 390.38 18.189  1.107  1.446 P294, R51
  674 268.52 390.38 19.303  2.368  1.602
  679 259.57 394.29 16.926  0.768  1.036 P122
  680 444.46 394.85 17.637  0.924  1.215 P269, R55
  682 405.04 395.65 16.540  1.753  2.024 P126, R53
  684 264.93 396.60 19.391  1.374  1.537
  685 300.35 396.38 15.249  0.455  0.656 F48, P19, R50
  690 237.43 399.50 19.672  1.107  1.621
  694 443.26 401.40 15.746  0.633  0.875 F58, P65, R62
  698 378.28 402.98 16.032  0.809  1.064 P31, R58
  699 412.25 403.38 16.233  0.588  0.826 P127, R60
  705 271.17 406.59 17.897  1.488  1.796
  706 470.47 406.97 18.630  1.183  1.444 P270, R66
  707 214.73 407.62 19.277  1.189  1.380
  708 290.35 407.67 17.729  0.946  1.191
  709 307.58 408.06 18.776  1.144  1.359 R57
  710 467.37 409.50 19.119  1.462  1.697 R67
  711 441.57 409.81 19.934  1.316  1.669
  714 322.62 410.25 17.930  1.071  1.320 R61
  717 273.32 413.24 14.384  0.673  0.978
  719 476.03 415.66 18.188  0.984  1.385 P229, R70
  724 365.38 416.93 19.668  1.281  1.621
  727 369.57 419.83 18.158  1.058  1.299 P116, R69
  728 178.69 420.35 18.743  1.208  1.518
  733 476.49 422.47 16.466  1.015  1.232 P230, R73
  734 438.41 423.40 17.049  1.106  1.302 P228, R72
  735 222.47 426.11 19.352  1.485  1.912
  736 419.18 424.61 17.729  1.153  1.382 P227, R71
  738 474.57 426.31 16.882  0.904  1.136 P231, R77
  740 448.40 426.85 14.805  0.418  0.638 I731, F35, P63, R74
  743 297.27 429.38 20.537  1.509  1.669
  745 415.70 430.40 14.631  0.725  0.954 I732, P43, R75
  746 305.75 430.89 19.847  1.138  1.540
  747 472.73 430.86 15.528  1.365  1.555 P97, R81
  748 220.78 431.27 20.482  1.385  1.689
  754 157.16 432.65 19.308  1.274  1.542
  755 135.47 432.99 19.974  1.519  1.646
  756 442.04 433.91 13.323  0.374  0.687 I736, F16, P62, R82
  759 474.30 435.75 17.290  0.892  1.120 P232, R84
  763 327.60 437.34 16.878  0.727  0.962 P117, R76
  764 366.29 438.46 19.362  1.124  1.527
  768 201.80 439.61 18.178  1.064  1.300
  773 398.98 441.80 18.164  1.001  1.264 P225, R86
  775 371.78 442.27 19.589  1.618  2.531
  779 219.92 445.24 19.656  1.353  1.605
  783 331.80 446.62 18.181  1.002  1.277
  788 483.56 449.05 15.152  1.614  1.744 P96, R98
  790 170.79 450.19 16.908  0.833  1.119 P121
  792 344.89 450.67 16.507  0.979  1.274 P119, R88
  793 440.76 452.31 14.679  0.403  0.613 I744, F33, P61, R99
  795 428.39 454.30 17.231  0.871  1.098 P128, R100
  798 195.01 454.79 14.506  1.153  1.404 I750, P2
  799 338.61 455.20 18.454  1.103  1.358 P118, R85
  801 392.22 455.81 17.051  1.027  1.280 P224, R97
  804 135.84 459.45 16.777  1.562  1.909
  807 449.34 460.89 15.489  0.519  0.732 F52, P60, R104
  808 177.50 461.88 19.426  1.277  1.640
  809 406.78 463.15 20.246  0.979  1.278
  822 343.62 470.59 18.984  1.274  1.465 R105
  824 477.40 471.47 18.359  1.451  1.376
  828 185.49 474.10 18.605  1.165  1.441
  829 156.01 474.31 15.024  1.437  1.710
  830 314.62 475.19 19.462  1.328  1.600 P201, R107
  835 195.33 477.64 19.233  1.154  1.435
  836 474.70 477.29 13.804  0.413  0.672 F24, PQ, R120
  842 231.01 479.90 20.439  1.481  1.546
  844 372.64 480.39 18.834  1.683  1.977 P155, R116
  845 418.16 480.70 17.718  0.929  1.216 P223, R119
  846 364.51 480.54 17.694  0.864  1.118 P266, R114
  847 256.14 480.96 17.384  0.773  1.004
  848 465.28 481.57 16.929  0.983  1.243 P103, R121
  850 445.24 483.09 19.524  1.312  1.610 P151, R122
  851 333.40 483.04 16.687  0.831  1.096 P202, R115
  852 238.20 483.87 18.284  1.067  1.316 P145
  855 392.03 484.85 18.383  1.215  1.510
  857 286.98 485.35 19.452  1.202  1.454
  861 395.43 487.48 16.060  0.573  0.773 P30, R123
  862 367.74 488.05 18.802  1.059  1.383
  864 399.70 489.13 20.202  1.111  1.432
  865 275.85 490.80 19.262  1.458  1.626
  868 369.61 491.99 15.288  0.443  0.660 I759, F46, P24, R126
  870 271.01 492.79 14.614  0.409  0.622 F32, PX
  871 484.79 492.99 19.533  1.079  1.512 R134
  872 168.67 493.05 18.995  1.276  1.491
  873 246.92 493.35 15.429  0.795  1.032 F6, Pc
  874 441.10 493.96 14.267  1.309  1.558 P59, R130
  875 159.53 495.69 14.654  0.935  1.160
  876 479.19 495.86 19.181  1.130  1.740 R136
  878 399.19 496.18 20.295  1.646  1.881 R129
  880 328.07 497.79 19.320  1.172  1.496
  882 382.17 499.40 15.850  0.688  0.963 P29, R132
  883 446.37 499.72 15.911  0.576  0.785 P58, R138
  886 132.25 500.87 14.737  0.460  0.654 I760
  888 242.65 501.09 17.512  0.865  1.192
  893 178.87 504.01 19.482  1.602  1.943
  895 422.32 505.68 19.963  1.365  1.415 R141
  899 126.06 510.02 19.722  1.283  1.591
  901 289.45 510.71 19.685  1.287  1.557
  902 279.96 511.10 16.853  0.850  1.142 P143
  905 319.12 513.26 17.760  1.046  1.270
  909 317.74 515.51 16.408  0.704  0.946 P292, R142
  911 387.22 515.69 18.037  0.957  1.212 P265, R148
  913 485.45 516.84 14.098  0.411  0.602 I772, F25, PR, R159
  916 416.76 519.41 19.358  1.514  1.322
  921 298.70 520.34 18.805  1.611  1.905
  925 334.98 522.56 16.239  0.597  0.775 P267, R154
  926 239.01 523.72 19.431  1.219  1.560
  927 420.78 523.54 16.912  0.727  0.991 P221, R160
  928 266.53 523.62 16.872  0.905  1.122
  929 314.62 524.07 15.585  0.503  0.705 F54, P18, R153
  931 415.69 525.44 14.928  0.828  1.008 F37, P42, R161
  936 308.02 526.36 18.763  1.008  1.318 R156
  937 188.02 527.15 19.110  1.383  1.657
  938 427.82 527.64 19.293  1.239  1.453 R165
  939 145.40 527.85 17.947  1.066  1.400
  940 390.56 528.47 16.586  0.711  0.902 P262, R162
  941 163.29 528.41 19.988  1.353  1.703
  942 204.55 529.16 19.232  1.147  1.484
  944 244.83 529.50 16.945  1.613  1.876
  945 377.06 530.86 19.066  1.278  1.489 R164
  947 457.53 532.16 16.505  0.875  1.152 P104, R176
  953 344.30 535.14 18.965  1.732  1.910 P203, R167
  958 384.37 536.25 18.227  1.073  1.367 P264, R172
  961 471.66 538.48 17.973  1.182  1.436 P219, R182
  965 211.36 540.63 19.174  1.151  1.473
  967 323.13 540.69 16.598  0.878  1.097 P146, R171
  968 367.24 541.18 14.952  1.579  1.818 P23, R177
  969 298.01 541.84 15.108  0.465  0.657 F42, Pb
  970 236.67 542.41 16.779  1.802  1.909
  971 427.70 543.27 16.313  0.623  0.812 P40, R235
  972 270.35 543.82 19.459  1.417  1.630
  973 454.89 543.63 15.822  0.548  0.727 F60, P57, R188, O5
  974 486.56 544.35 18.121  1.012  1.296 P240, R191, O6
  975 378.51 544.39 15.308  0.536  0.725 I779, P28, R180
  976 390.30 544.67 16.592  0.654  0.877 P261, R181
  977 214.40 545.43 18.585  1.039  1.352
  978 403.65 545.29 17.910  0.970  1.198 P258, R185
  979 145.85 545.54 18.379  1.046  1.399
  980 384.31 546.46 18.600  1.103  1.364 P263, R183
  981 149.13 547.00 17.402  0.940  1.210
  982 388.70 546.74 18.312  1.016  1.266 P260
  983 420.51 547.07 17.363  1.722  1.951 P139, R190
  984 120.27 547.26 18.403  1.197  1.371
  985 252.45 547.77 18.757  1.110  1.339
  989 209.47 550.34 17.738  1.175  1.452
  995 396.63 553.33 19.607  1.262  1.430 R195
  996 390.70 553.49 18.391  1.267  1.512 P259, R192
  998 192.50 553.9  17.154  0.954  1.233
  999 452.09 553.99 17.809  1.051  1.247 P220, R197, O7
 1000 252.75 554.29 18.125  1.017  1.262
 1004 473.82 554.94 15.365  0.488  0.658 P56, R200
 1006 262.08 555.46 15.751  0.518  0.713 P12
 1007 269.25 555.50 17.428  1.161  1.306 P120
 1010 258.46 557.41 19.102  1.241  1.497
 1011 149.55 558.00 16.477  0.944  1.190
 1019 312.75 562.99 19.794  1.330  1.570 R196
 1020 328.26 563.61 17.022  0.889  1.187 P291, R198, O11
 1021 303.66 563.57 18.484  1.357  1.533
 1023 271.06 563.80 18.723  1.255  1.545
 1024 472.50 563.74 16.379  0.696  0.900 P247, R208
 1027 483.59 564.22 17.833  1.045  1.253 P242, R211
 1029 214.27 564.42 17.225  1.254  1.508
 1031 260.82 565.08 18.905  1.144  1.380
 1035 490.28 565.84 16.849  0.867  1.112 P241, R215
 1036 495.84 566.04 14.379  0.380  0.649 F28, P98, R217
 1037 474.63 566.44 17.883  0.893  1.202
 1040 219.36 566.70 19.308  1.145  1.546
 1043 186.36 567.65 17.983  1.415  1.643
 1047 340.76 568.44 19.531  1.168  1.533 R203
 1048 403.27 568.59 15.327  0.486  0.644 P94, R206
 1050 147.54 569.33 19.220  1.276  1.601
 1052 364.05 570.27 17.534  0.985  1.219 P257, R205, O10
 1055 349.25 573.27 18.033  1.022  1.253 P147, R207, O12
 1056 244.43 574.05 18.752  1.112  1.346
 1062 384.34 575.98 17.091  1.000  1.248 P255, R220, O9
 1063 290.03 577.42 17.946  1.673  1.883 P197, O14
 1067 473.36 577.91 17.999  0.959  1.206 P245
 1073 474.36 580.33 15.682  0.513  0.698 P54, R231
 1076 422.59 583.11 13.470  0.400  0.577 I793, P39, R230
 1077 188.08 585.42 20.250  1.122  1.639
 1081 172.90 586.60 17.879  1.323  1.527
 1083 490.76 587.46 15.679  0.437  0.663 I791, F55, P53, R238, O17
 1089 250.88 590.63 19.413  1.545  1.755
 1091 143.73 591.25 17.912  0.985  1.297
 1092 261.18 591.52 15.012  1.580  1.831 P11, O23
 1094 349.90 591.79 15.775  1.401  1.666 P289, R234, O22
 1102 478.66 596.80 17.149  0.817  1.069 P244, R244
 1107 404.73 597.97 18.156  1.093  1.310 P252, R240, O18
 1109 471.10 598.91 14.785  0.427  0.605 P51, R247
 1110 310.85 599.76 19.393  1.297  1.530 R237
 1114 430.27 600.73 14.630  0.436  0.611 I800, P38, R245, O19
 1117 217.19 601.46 16.595  0.781  1.023
 1123 395.36 603.74 16.015  0.541  0.697 P27, R246, O21
 1129 266.41 608.63 19.713  1.389  1.534
 1131 379.70 608.30 15.707  0.532  0.694 P26, R250, O20
 1132 316.27 608.91 17.027  1.315  1.578 P290, R243
 1133 462.89 608.97 17.243  1.010  1.210 P105, R252
 1135 310.43 612.05 18.289  0.986  1.461 R248
 1136 463.06 612.08 19.166  1.508  1.736
 1137 466.59 612.94 17.225  0.843  1.041 P248, R255
 1139 453.25 613.94 19.051  1.035  1.527 R257
 1141 372.85 616.00 18.925  1.117  1.389 R253
 1142 307.68 616.23 18.886  1.557  1.847
 1146 202.21 617.28 16.988  1.702  1.969
 1148 392.25 617.98 18.906  1.098  1.369 P288, R254
 1149 238.59 619.17 15.743  0.781  1.002 F7, Pd
 1150 454.17 619.78 14.631  1.523  1.739 I806, P50, R266
 1153 204.45 622.10 17.679  1.244  1.518
 1155 174.84 623.64 16.685  0.716  0.959
 1156 325.40 624.14 19.991  1.318  1.628 R256
 1158 139.61 625.63 20.712         1.885
 1159 363.27 625.67 17.735  0.984  1.187 P287, R263
 1162 211.97 627.75 19.156  1.181  1.455
 1166 171.08 629.39 19.124  1.394  1.598
 1167 466.03 629.22 15.814  0.959  1.140 P49, R272, O25
 1170 317.23 629.82 20.027  1.266  1.602 R265
 1175 209.39 630.95 19.396  1.035  1.413
 1176 406.49 631.39 13.517  0.396  0.572 I811, F20, PO, R269, O30
 1178 446.50 632.54 18.238  1.212  1.460 P133, R275, O35
 1183 253.57 633.69 20.122  1.554  1.988
 1184 466.10 634.27 18.599  1.124  1.394 R277
 1186 176.43 636.02 19.051  0.971  1.279
 1187 358.24 636.45 14.554  0.464  0.648 I814, F31, PV, R271, O36
 1189 487.76 637.40 16.818  0.759  0.961 P106, R283, O28
 1199 500.46 640.94 16.719  0.798  0.970 P107, R287, O26
 1200 239.55 641.96 18.708  1.243  1.426
 1204 375.01 643.94 16.121  0.637  0.829 P286, R281, O38
 1205 500.69 643.73 19.649  1.201  1.452
 1208 491.83 645.80 18.491  1.097  1.446
 1209 494.01 646.42 17.951  0.966  1.391 P280, R293
 1210 292.89 647.58 17.948  1.015  1.298 P198, O42
 1212 289.60 648.40 19.180  1.167  1.449
 1215 203.34 649.90 18.081  1.103  1.376
 1218 415.11 650.70 19.134  1.233  1.397 R289
 1220 196.97 651.26 19.391  1.092  1.405
 1221 355.61 651.89 19.330  1.404  1.582 R286
 1222 465.38 652.41 19.999  1.419  1.611 R297
 1223 434.60 652.92 17.493  1.001  1.230 P282, R295
 1227 219.73 653.62 18.421  1.188  1.533
 1229 328.46 655.57 17.689  1.244  1.467 P199, R288, O40
 1232 459.98 656.44 17.567  0.941  1.167 P281, R301, O27
 1233 409.53 656.22 17.724  0.955  1.171 P284, R296, O34
 1234 443.75 657.15 18.976  1.117  1.418
 1235 488.81 657.06 18.411  1.324  1.496 R305
 1237 406.68 658.85 20.640  1.152  1.763
 1240 377.32 660.16 19.103  1.273  1.518 R298
 1241 440.89 660.47 15.395  0.563  0.753 F49, P37, R304, O32
 1242 171.74 661.18 20.867  0.963  1.540
 1244 202.33 662.59 15.803  0.530  0.723 P1
 1248 183.78 665.94 18.579  1.039  1.294
 1250 375.50 666.55 17.918  0.957  1.229 R307
 1256 386.90 668.37 14.738  0.456  0.624 F34, PZ, R310, O37
 1259 330.64 671.02 17.659  0.919  1.159 R308, O41
 1263 359.39 671.99 17.554  1.137  1.358 R311, O39
 1265 350.00 674.13 19.206  1.574  1.908 R313
 1266 437.98 674.08 13.712  0.395  0.586 I831, F23, P36, R315, O31
 1267 286.56 674.31 19.675  1.301  1.529
 1270 432.26 677.51 16.762  1.201  1.390 R317
 1271 224.71 678.49 15.936  0.710  0.912 P7
 1272 298.42 678.77 18.355  1.063  1.286 P196, O43
 1273 444.76 680.03 16.660  0.720  0.919 R323
 1275 405.72 681.08 16.288  0.613  0.766 R319, O53
 1276 232.45 681.29 16.853  0.923  1.159
 1278 412.70 682.71 19.153  1.284  1.461 R324
 1281 143.90 684.87 20.170  1.001  1.510
 1282 362.81 685.29 18.770  1.199  1.438 R321, O57
 1284 349.79 685.89 19.154  1.113  1.499 R320
 1286 252.99 686.28 18.405  1.234  1.511 P200, O44
 1287 424.01 686.68 15.859  1.032  1.264 P35, R330
 1288 393.74 687.13 16.485  1.019  1.210 R327, O54
 1289 143.96 688.78 19.442  1.073  1.261
 1290 498.75 689.67 15.266  0.864  1.053 P48, R336, O48
 1294 319.55 691.74 15.982  0.558  0.714 P17, R325, O59
 1295 428.61 692.30 15.611  0.516  0.683 F57, P34, R333
 1296 321.37 694.22 19.971  1.104  1.465
 1300 234.82 697.46 17.514  1.301  1.524
 1301 207.82 697.93 17.437  1.117  1.365
 1302 240.87 698.54 18.503  1.087  1.338
 1304 257.92 699.26 18.232  1.155  1.311
 1305 224.88 700.26 17.406  1.055  1.296 P138
 1306 417.10 700.58 14.410  0.420  0.568 I835, F29, P100, R339, O51
 1308 279.93 701.37 18.710  1.138  1.395
 1310 231.31 701.47 16.293  0.936  1.162
 1311 340.13 701.89 16.785  1.141  1.298 P137, R335, O60
 1313 223.86 702.18 16.328  0.633  0.857
 1314 174.66 702.83 17.891  1.152  1.438
 1316 290.75 703.02 19.684  1.253  1.571
 1317 185.44 705.34 18.627  1.334  1.515
 1318 265.75 706.71 15.986  0.717  0.936 P10, O65
 1319 476.47 707.21 17.853  1.752  1.988 P149, O50
 1321 274.13 708.83 18.718  1.083  1.363
 1322 466.01 708.88 16.502  1.728  1.974 P148, O49
 1324 197.83 710.29 19.910  0.917  1.333
 1325 238.21 710.41 19.110  1.237  1.493
 1331 274.04 714.31 19.403  1.559  1.792
 1332 396.37 714.75 18.196  1.052  1.239 O56
 1335 424.09 716.24 17.453  1.708  1.991 P134, O52
 1337 181.15 717.07 18.311  1.241  1.491
 1340 315.49 719.24 18.662  0.919  1.185 O61
 1341 243.68 721.83 18.173  1.227  1.517
 1342 509.76 722.16 19.529  0.917  1.825
 1343 337.43 722.17 17.569  0.868  1.152
 1344 483.55 722.43 18.731  1.136  1.329
 1348 290.55 724.63 18.917  1.217  1.554 O64
 1349 335.79 724.99 15.447  0.555  0.729 I843, F50, P16, O58
 1351 493.73 725.55 19.353  1.146  1.430
 1352 371.49 726.03 17.941  0.997  1.225 O55
 1353 427.76 725.99 17.922  0.877  1.073 P135, O76
 1354 460.48 726.19 18.527  1.363  1.539 O71
 1355 273.53 726.86 15.393  1.692  1.921 P9, O62
 1356 158.62 726.98 15.308  0.533  0.724
 1358 440.62 727.85 14.255  0.535  0.726 I847, F27, PS, O72
 1359 338.08 728.47 19.916  1.216  1.549
 1361 166.33 729.49 18.187  1.013  1.294
 1362 242.37 730.09 19.619  1.177  1.616
 1363 471.50 729.90 17.839  1.083  1.281 O69
 1365 404.11 730.13 18.051  1.006  1.245 O78
 1367 211.77 731.21 13.430  0.357  0.540
 1369 307.73 732.59 19.266  1.140  1.442
 1370 282.71 732.74 19.402  1.213  1.536
 1376 236.53 736.09 16.025  0.849  1.068 P6
 1378 326.12 740.37 17.880  1.258  1.409 O79
 1382 268.98 741.58 18.657  1.572  1.834
 1383 298.21 742.39 17.329  1.679  1.941 P192, O81
 1385 381.39 742.50 18.394  1.078  1.279
 1388 424.32 744.11 17.314  0.983  1.212 O74
 1390 184.81 745.82 15.983  0.599  0.757
 1392 355.19 747.06 18.789  1.722  1.983
 1393 501.05 748.32 17.023  0.870  1.108 P150, O67
 1395 436.87 751.20 17.684  1.041  1.228 P136, O75
 1397 366.31 752.04 15.976  0.721  0.962 P21, O77
 1399 334.20 753.57 19.835  1.429  1.602
 1400 457.64 755.60 19.172  1.317  1.677
 1401 470.31 756.03 17.639  1.111  1.383 O68
 1404 192.53 759.55 17.332  0.859  1.096
 1405 430.94 760.09 16.113  1.128  1.215 O73
 1411 224.51 762.48 17.820  1.093  1.410
 1414 498.70 762.80 18.371  1.269  1.449 O70
 1416 143.27 764.24 19.194  1.004  1.353
 1419 311.23 765.69 20.275  1.256  1.510
 1420 197.71 766.16 15.869  0.614  0.823
 1425 172.66 770.12 17.676  0.985  1.275
 1426 488.93 773.14 19.247  1.703  1.851
 1427 194.34 773.52 18.606  1.361  1.587
 1430 343.66 774.38 18.695  1.131  1.421 P195
 1431 219.76 775.75 18.911  1.092  1.357
 1432 317.24 776.30 15.615  0.542  0.689 P190, O80
 1437 395.63 780.71 17.692  1.475  1.696
 1438 420.44 781.58 17.948  1.163  1.336
 1442 260.67 783.21 18.78   1.020  1.232 P193
 1443 466.20 783.65 19.229  1.437  1.521
 1444 183.22 783.08 20.362  1.232  1.610
 1447 491.63 784.57 16.055  0.807  1.045 P47, O83
 1451 215.46 786.39 19.853  1.316  1.673
 1452 395.75 786.49 15.544  0.637  0.878 F53, P25
 1453 159.69 786.36 20.313  1.036  1.528
 1454 511.29 787.19 19.854  1.462  1.458
 1455 418.82 788.62 16.666  0.923  1.161 O85
 1458 240.07 789.89 19.696  1.075  1.569
 1459 193.73 789.95 18.587  1.012  1.253
 1461 143.36 791.14 19.614  1.165  1.354
 1462 428.52 791.10 16.628  1.032  1.247 O86
 1464 375.57 793.15 18.676  1.222  1.388 O89
 1465 315.84 794.41 18.600  0.956  1.290
 1466 272.92 795.11 19.045  1.256  1.598
 1475 295.03 802.68 18.167  1.173  1.392 P191, O91
 1476 499.28 805.07 18.490  1.311  1.431 O84
 1482 442.40 807.79 19.565  1.399  1.722
 1483 188.02 807.86 16.345  0.905  1.141
 1484 384.30 807.99 18.974  1.151  1.409
 1485 503.97 808.77 18.721  1.406  1.487
 1487 203.61 809.52 19.596  1.194  1.459
 1488 378.60 810.21 19.394  1.178  1.502
 1491 321.29 813.39 17.582  0.967  1.200 P189, O90
 1492 428.91 814.22 17.810  0.921  1.181 O87
 1494 187.09 814.87 16.255  0.571  0.734
 1501 161.56 818.40 16.415  1.540  1.825
 1505 204.70 820.11 19.153  0.311  3.909
 1506 373.06 820.59 15.771  0.996  1.116 P20, O88
 1508 403.45 822.04 19.493  1.615  1.868
 1510 286.90 822.22 18.437  1.074  1.310 P194, O92
 1514 430.91 825.83 19.952  1.215  1.628
 1521 428.53 829.40 19.488  1.270  1.441
 1524 233.46 833.47 19.143  1.313  1.511
 1526 420.86 834.16 20.642  1.322  1.659
 1527 497.33 834.58 16.104  0.709  0.915 P185, O94
 1531 303.53 836.13 18.896  1.586  1.789
 1539 170.69 841.98 19.795  1.112  1.538
 1542 240.93 842.87 18.551  1.079  1.406
 1544 222.46 845.97 19.288  1.120  1.467
 1545 295.73 845.77 18.015  1.075  1.269 O101
 1546 201.69 846.09 17.982  0.880  1.102
 1551 430.03 848.44 15.803  0.584  0.798 P33, O95
 1554 249.95 848.99 19.136  1.113  1.577
 1555 177.66 850.38 20.282  1.501  1.642
 1556 421.58 850.16 18.725  1.204  1.441
 1557 414.79 850.53 15.784  0.692  0.900 P32, O96
 1560 224.05 853.00 20.441  1.256  1.569
 1561 488.78 854.13 19.910  1.610  1.837
 1562 364.40 855.61 14.154  0.781  0.913 I883, F26, PT, O98
 1565 334.01 857.39 16.749  0.765  0.980 O99
 1566 202.38 858.72 18.730  1.069  1.325
 1568 370.87 861.64 18.362  1.446  1.660
 1569 187.16 863.12 19.293  1.178  1.486
 1572 298.93 863.82 17.751  1.178  1.393 O100
 1578 372.75 866.41 17.693  0.999  1.222
 1580 355.34 866.51 18.695  1.145  1.462
 1582 520.30 866.93 18.759  0.912  1.760 P187
 1584 399.89 868.56 19.821  1.255  1.504
 1588 367.05 870.18 19.603  1.265  1.634
 1589 379.80 869.91 18.751  1.311  1.626
 1592 288.71 871.38 19.747  1.227  1.530
 1596 480.41 875.32 16.763  0.760  0.935 P188, O103
 1601 278.14 876.03 19.724  1.784  2.099
 1604 337.34 879.36 19.585  1.323  1.635
 1607 310.06 882.31 19.803  1.231  1.525
 1608 395.81 881.92 19.381  1.151  1.434
 1612 302.97 884.40 17.128  1.162  1.290 O108
 1615 520.40 887.01 18.819  1.777  1.905
 1617 169.06 888.71 19.679  1.135  1.490
 1620 279.78 889.60 18.799  1.144  1.358
 1621 372.04 890.74 15.706  1.907  2.117 O105
 1622 379.10 890.79 19.344  1.540  1.777
 1623 244.57 890.81 18.291  1.037  1.284
 1633 283.66 899.56 15.339  1.943  2.121 O107
 1634 188.94 899.91 19.025  1.186  1.525
 1637 453.92 901.33 15.252  0.512  0.690 O104
 1639 307.38 903.41 20.858  1.245  1.777
 1640 265.47 903.94 17.368  1.024  1.266 O109
 1641 336.65 903.99 19.184  1.133  1.468
 1642 399.20 904.66 18.905  1.267  1.519
 1643 509.83 905.77 20.280  1.312  1.690
 1644 462.06 905.83 17.020  1.157  1.270
 1646 260.43 907.59 20.249  1.407  1.563
 1647 342.16 907.69 17.943  1.132  1.330 O106
 1650 433.83 909.96 19.432  1.248  1.594
 1651 401.59 910.36 19.176  1.483  1.914
 1654 393.88 911.68 19.785  1.979  2.799
 1660 220.26 915.73 15.867  1.179  1.342
 1667 355.40 920.08 19.941  1.229  1.598
 1668 371.14 920.66 20.132  1.470  1.826
 1669 498.51 922.07 16.472  1.084  1.318 O112
 1670 320.13 922.45 17.803  1.739  1.976 O116
 1674 453.04 923.93 19.489  1.224  1.562
 1675 172.04 924.49 16.297  0.595  0.800
 1677 361.93 924.94 17.563  1.168  1.326 O115
 1689 153.07 931.42 15.250  0.538  0.604
 1691 209.76 935.14 16.164  0.849  1.040
 1692 481.72 935.29 19.222  1.309  1.524
 1697 412.21 937.82 17.390  1.083  1.333 O114
 1698 399.96 938.44 19.466  1.315  1.522
 1700 254.43 939.32 19.862  1.399  1.671
 1709 234.61 946.37 18.238  1.046  1.551
 1711 218.64 948.61 16.471  1.871  2.120
 1713 152.91 950.09 16.972  1.400  1.516
 1714 204.67 951.51 19.163  1.172  1.461
 1715 275.53 951.70 20.202  1.171  1.594
 1717 462.29 952.96 20.452  0.969  1.795
 1718 193.30 952.85 18.729  0.727  0.968
 1723 334.55 957.40 19.378  1.277  1.580
 5001 223.56 393.77 21.028         2.060
 5002 167.93 401.21 20.607  0.919  1.669
 5003 463.57 376.87 19.438  1.476  1.375
 5004 219.57 397.32 20.948  1.009  2.424
 5005 176.14 401.59 21.804         1.792
 5006 430.40 380.71 20.021  1.465  1.563
 5007 453.23 379.21 20.815         1.580
 5008 421.57 383.10 20.067  1.312  1.736
 5009 157.16 405.00 20.505  0.839  1.550
 5010 372.09 387.50 20.911  0.569  1.629
 5011 162.88 406.60 21.478         2.290
 5012 416.41 386.63 22.224         2.090
 5013 367.61 391.41 19.933  1.195  1.833
 5014 187.59 406.92 19.559  1.648  2.447
 5015 166.98 411.75 21.376         1.746
 5016 226.59 406.93 20.743  1.227  1.653
 5017 284.34 402.17 20.793         1.732
 5018 224.75 407.10 21.525         1.621
 5019 392.19 394.45 20.477  1.641  1.701
 5020 205.94 413.22 20.477  1.296  2.802
 5021 260.34 409.21 21.124         1.454
 5022 147.40 419.08 21.391  0.830  1.208
 5023 283.32 410.43 20.678         1.750
 5024 397.81 401.51 21.630         2.401
 5025 189.58 421.08 21.113         2.679
 5026 384.41 405.15 21.660         1.828
 5027 223.16 418.79 22.325         1.757
 5028 291.33 413.42 20.379  1.142  1.626
 5029 386.48 406.71 19.698  1.341  1.491
 5030 319.08 413.47 20.913  1.103  1.691
 5031 192.53 424.58 21.352  0.896  2.437
 5032 321.24 414.19 20.768         2.734
 5033 222.46 423.87 18.888  1.204  1.731
 5034 431.22 406.71 20.516  1.165  1.651
 5035 397.74 409.51 20.866  0.922  1.906
 5036 202.62 425.72 21.832  0.611  1.384
 5037 132.00 433.95 21.693         1.868
 5038 378.74 413.56 21.278  0.660  1.787
 5039 413.51 411.47 22.161         2.344
 5040 367.21 415.54 21.314         1.690
 5041 349.41 420.07 21.411  0.872  1.592
 5042 419.40 415.93 20.630  1.333  1.595
 5043 146.47 439.22 21.241         1.638
 5044 133.33 440.98 21.923         2.299
 5045 157.34 439.44 21.456         2.870
 5046 263.76 430.82 21.657         1.063
 5047 258.95 431.49 21.958         2.375
 5048 249.91 433.79 21.938         1.753
 5049 435.27 419.01 21.977         1.775
 5050 288.28 431.54 20.793  1.202  1.777
 5051 247.46 435.47 21.787         2.054
 5052 218.85 439.22 22.383         1.451
 5053 307.92 432.27 20.802  1.026  1.799
 5054 440.14 422.60 18.318  0.976  1.268
 5055 421.51 424.52 21.297  0.001  0.432
 5056 284.07 436.06 21.830         2.033
 5057 451.30 423.86 21.061  1.017  1.712
 5058 246.48 440.83 21.334         2.353
 5059 412.16 427.15 21.925         1.956
 5060 436.45 425.79 19.167  1.309  1.438
 5061 330.24 436.29 21.783 -0.521  1.243
 5062 150.02 451.77 22.276         2.225
 5063 364.15 434.62 20.752  1.187  1.596
 5064 173.84 451.64 20.867  0.983  1.721
 5065 313.02 441.80 20.747  1.413  1.827
 5066 240.48 448.37 21.687         2.328
 5067 368.29 438.41 21.751 -0.040  1.183
 5068 242.91 449.18 21.308  0.643  1.588
 5069 291.06 447.66 20.963  1.060  1.857
 5070 203.24 455.66 21.904         2.723
 5071 175.14 458.87 21.735         1.643
 5072 333.59 446.71 21.327 -0.073  0.452
 5073 166.87 462.42 20.795  1.293  1.627
 5074 327.84 449.29 22.159         2.072
 5075 442.19 441.50 21.209         2.758
 5076 143.24 466.95 20.785  1.133  1.499
 5077 456.54 441.65 20.504  1.218  1.780
 5078 169.50 465.68 21.356  0.760  1.638
 5079 234.02 460.92 21.558         1.581
 5080 244.40 460.93 22.014         1.206
 5081 147.60 469.10 19.973  1.711  2.503
 5082 134.15 470.74 20.311  1.308  1.747
 5083 152.13 470.09 21.628         1.616
 5084 279.79 459.95 21.043  1.046  1.712
 5085 224.79 464.51 21.874         1.537
 5086 368.77 452.89 18.053  0.967  1.126
 5087 209.45 467.98 20.883  0.971  1.675
 5088 225.55 467.22 21.963 -0.319  2.220
 5089 218.83 467.96 22.484         1.344
 5090 185.37 471.09 21.723  1.086  1.063
 5091 297.36 462.04 22.068         1.676
 5092 254.12 467.16 21.435         1.660
 5093 192.15 472.30 20.704  1.264  1.680
 5094 430.48 453.63 20.677 -0.016  0.666
 5095 462.14 451.32 20.077  1.627  1.853
 5096 337.48 462.45 21.919         1.665
 5097 242.59 471.93 21.811         0.932
 5098 229.42 474.41 22.488         1.608
 5099 175.95 479.39 22.307         1.779
 5100 291.79 469.91 22.407 -0.253  1.678
 5101 159.44 481.36 21.546         1.728
 5102 385.98 462.64 21.473         1.962
 5103 140.16 483.29 20.312  1.302  1.653
 5104 220.57 477.17 21.177         1.905
 5105 188.90 480.02 21.506  0.619  1.606
 5106 208.51 478.47 19.360  1.616  1.925
 5107 315.09 470.85 22.441         1.489
 5108 187.48 485.14 20.134  1.746  2.100
 5109 231.83 482.73 21.815         1.189
 5110 279.19 479.04 21.873         2.168
 5111 420.03 471.21 20.130  1.251  1.643
 5112 209.11 491.29 21.458  0.852  1.609
 5113 406.90 475.16 20.192  1.298  1.711
 5114 265.53 491.01 21.480         2.017
 5115 177.91 498.64 21.845         2.108
 5116 221.46 495.26 21.566         3.073
 5117 412.08 483.69 22.101         1.402
 5118 247.11 497.70 21.774         2.324
 5119 325.58 491.57 21.836         1.698
 5120 449.35 481.37 21.555         1.642
 5121 154.37 506.19 21.977         1.966
 5122 272.50 496.44 21.457         1.851
 5123 414.48 485.27 21.137  0.932  1.858
 5124 469.07 481.24 19.576  1.098  1.539
 5125 353.80 491.57 20.700  1.262  1.511
 5126 241.74 502.32 19.578  0.945  1.621
 5127 181.62 508.45 22.502         2.166
 5128 219.84 505.39 21.313         1.614
 5129 421.25 489.10 21.228  0.553  1.824
 5130 277.31 501.32 21.883         1.696
 5131 298.19 502.00 22.120         1.566
 5132 162.58 514.31 20.697  1.597  2.061
 5133 445.68 490.99 20.553  1.134  1.870
 5134 231.46 509.62 22.201         1.853
 5135 286.67 505.17 21.021  1.445  2.369
 5136 423.63 494.21 20.265  1.415  1.696
 5137 429.29 493.97 21.649         1.507
 5138 377.68 498.57 20.026  1.303  1.623
 5139 350.32 502.26 21.954 -0.419  1.235
 5140 271.10 510.01 21.960         1.487
 5141 348.80 503.63 20.908  0.998  1.686
 5142 477.04 494.95 19.975  1.333  1.806
 5143 167.69 521.08 22.248         1.817
 5144 315.56 509.18 22.400  0.360  1.872
 5145 479.91 495.78 19.271  0.848  1.645
 5146 365.99 508.27 22.163         1.640
 5147 231.01 520.18 21.964         2.323
 5148 325.56 513.19 21.939         2.045
 5149 386.32 509.42 21.568         1.525
 5150 330.85 514.05 20.767  1.322  1.653
 5151 130.96 531.27 19.648  1.471  1.904
 5152 352.44 513.54 20.905  1.240  1.880
 5153 274.80 519.98 21.504         2.382
 5154 351.05 514.93 21.671         2.396
 5155 285.49 520.46 20.421  1.304  1.812
 5156 376.30 513.11 22.176         2.374
 5157 157.94 531.88 20.217  1.039  1.427
 5158 470.29 506.11 19.798  1.040  1.298
 5159 461.47 506.99 21.317         1.942
 5160 223.57 526.90 20.960  1.169  2.001
 5161 370.18 514.99 20.204  1.282  1.600
 5162 227.96 526.93 20.348  1.232  1.672
 5163 156.36 533.05 20.826  1.189  1.730
 5164 317.20 523.94 19.479  0.997  1.540
 5165 277.51 529.22 21.441         2.288
 5166 407.17 521.95 20.214  1.752  1.828
 5167 191.06 539.84 21.500  1.053  1.626
 5168 473.95 516.63 21.845         1.378
 5169 228.28 537.21 21.869  0.294  2.216
 5170 339.18 528.16 21.278  0.923  2.007
 5171 418.35 522.35 20.254  1.326  1.691
 5172 396.05 524.43 20.948         1.669
 5173 422.87 523.25 20.136  0.441  1.008
 5174 338.37 531.68 20.659  0.955  1.631
 5175 467.98 523.83 19.845  1.500  1.581
 5176 204.77 547.31 22.347         1.936
 5177 234.01 545.39 21.880         1.730
 5178 444.38 528.86 21.103         1.778
 5179 303.87 541.32 21.833         1.608
 5180 386.62 536.08 21.065  0.110  0.045
 5181 316.32 542.03 19.938  1.336  1.670
 5182 185.35 553.55 22.096         1.580
 5183 295.47 544.90 21.643         1.916
 5184 388.32 538.33 20.322  1.160  1.609
 5185 316.15 545.22 21.487         2.208
 5186 195.12 555.65 20.770  0.795  1.763
 5187 449.38 535.59 22.029         1.338
 5188 456.04 536.22 22.229         2.285
 5189 322.23 549.58 20.516  1.456  1.862
 5190 474.30 538.59 21.030  0.088  1.217
 5191 401.53 544.62 21.392  1.397  1.809
 5192 305.08 553.99 21.698         1.456
 5193 366.62 549.70 20.353  1.173  1.803
 5194 301.56 555.30 20.831  0.831  1.692
 5195 357.23 550.75 21.754         2.278
 5196 262.44 560.24 21.179         1.801
 5197 250.47 561.34 21.833         1.881
 5198 420.20 548.85 21.255         2.017
 5199 285.01 560.20 20.074  1.497  1.772
 5200 300.65 559.02 21.430         1.673
 5201 184.19 569.22 21.916         1.660
 5202 407.49 550.94 19.670  1.468  1.405
 5203 444.83 548.95 22.116  0.501  1.740
 5204 392.60 553.33 21.157  0.180  0.249
 5205 335.35 558.17 22.028         1.719
 5206 206.49 569.37 19.896  1.261  1.584
 5207 460.73 549.52 21.656         2.066
 5208 367.74 557.93 22.044         1.424
 5209 463.53 550.33 21.286         2.080
 5210 464.94 550.29 21.288         1.043
 5211 325.03 562.13 20.328  1.322  1.566
 5212 287.79 566.44 21.583  0.568  1.955
 5213 278.80 567.81 20.509  1.457  2.799
 5214 454.18 553.94 21.390 -0.499  0.668
 5215 417.11 560.93 19.938  0.989  1.324
 5216 213.23 580.51 19.631  1.193  1.533
 5217 366.27 570.15 21.002  0.297  0.142
 5218 202.86 583.91 20.062  1.230  1.574
 5219 426.20 566.41 20.723  0.790  1.394
 5220 281.22 579.16 19.934  1.425  1.667
 5221 351.08 573.41 21.753 -0.614  1.790
 5222 160.27 589.23 22.038         2.192
 5223 151.24 590.82 22.067         1.686
 5224 191.02 587.79 21.635         2.284
 5225 355.61 574.31 20.113  1.362  1.642
 5226 326.22 577.82 21.047  1.149  1.747
 5227 182.31 590.21 20.602  1.251  1.734
 5228 347.89 576.78 21.098         2.702
 5229 270.63 583.53 21.545  0.861  1.608
 5230 264.26 585.03 20.998  1.328  1.806
 5231 310.50 582.46 22.092         1.780
 5232 402.65 575.01 19.904  1.438  1.576
 5233 481.44 569.38 20.605  1.571  1.935
 5234 233.11 590.08 21.514  0.910  1.534
 5235 205.93 595.69 22.241         1.865
 5236 285.87 589.29 21.565         2.133
 5237 392.51 581.88 21.612         1.972
 5238 411.94 580.31 18.627  1.684  1.939
 5239 161.99 602.15 22.216         2.758
 5240 332.98 588.91 22.311         1.476
 5241 172.08 602.25 22.494  0.339  1.764
 5242 193.13 600.80 22.264         1.400
 5243 352.80 588.33 21.152  0.895  1.749
 5244 317.37 591.42 22.182         1.594
 5245 483.33 577.76 21.314         2.680
 5246 275.23 595.61 21.436         1.843
 5247 413.56 586.56 21.111  0.362  0.769
 5248 437.18 584.69 18.739  2.625  0.944
 5249 225.47 602.26 21.958         1.977
 5250 248.65 600.67 21.356         1.828
 5251 251.86 600.54 20.418  1.175  1.652
 5252 150.09 610.74 21.990         1.507
 5253 439.88 587.50 21.242  0.423  1.809
 5254 366.96 593.55 21.612 -0.229  1.839
 5255 316.41 597.99 21.618         2.452
 5256 253.47 603.34 21.725         1.261
 5257 487.61 584.62 20.561  1.413  1.720
 5258 400.69 593.66 21.239  1.265  1.925
 5259 247.26 607.50 20.031  1.438  1.735
 5260 301.30 603.36 22.200         1.611
 5261 177.75 615.23 22.578         2.743
 5262 394.25 597.74 20.152  1.443  1.617
 5263 406.66 597.84 21.366 -0.122  0.545
 5264 383.43 600.14 21.585         1.956
 5265 364.68 602.53 21.280  0.818  1.652
 5266 426.44 598.37 21.013  0.891  1.821
 5267 285.33 611.23 20.494  1.424  1.746
 5268 485.31 595.22 19.786  1.337  1.676
 5269 309.42 611.00 19.877  1.446  1.793
 5270 308.09 614.14 20.686  1.186  1.724
 5271 242.69 620.04 20.526  1.233  1.740
 5272 338.49 612.32 21.461  0.820  1.757
 5273 323.59 613.64 21.581         1.511
 5274 355.98 611.10 20.647         2.733
 5275 326.50 613.88 20.951  1.216  2.319
 5276 372.50 611.28 21.222  0.555  2.765
 5277 405.38 608.71 22.465         1.860
 5278 173.41 628.07 21.385         2.084
 5279 216.06 625.75 20.419  1.285  1.789
 5280 381.38 612.31 19.446  1.178  1.533
 5281 176.82 629.24 21.933         1.514
 5282 401.42 610.94 22.020         2.186
 5283 299.86 619.89 20.846  1.043  1.784
 5284 414.59 610.49 22.145         2.436
 5285 242.79 625.14 21.950         1.761
 5286 251.43 625.14 20.486  1.196  1.715
 5287 463.64 607.69 20.445         1.911
 5288 356.41 617.14 21.291         1.897
 5289 367.91 616.92 21.467  0.896  1.749
 5290 189.36 633.96 20.628  1.307  1.807
 5291 191.21 634.64 21.599         1.949
 5292 454.99 613.76 21.674 -0.021  0.841
 5293 468.54 612.78 21.007 -0.050  0.460
 5294 332.25 624.65 21.396         1.663
 5295 231.45 635.65 21.047  1.393  1.658
 5296 197.61 638.67 20.952  1.166  1.929
 5297 226.98 636.76 20.529  1.349  1.615
 5298 450.45 618.42 20.104  1.557  1.858
 5299 422.07 620.85 20.109  1.432  1.910
 5300 172.73 642.90 22.243         1.492
 5301 440.36 622.46 19.601  1.514  1.581
 5302 465.07 621.94 22.345         3.182
 5303 362.17 630.77 20.662  1.449  1.793
 5304 475.73 621.93 20.767  1.154  2.197
 5305 274.19 641.39 21.365  0.757  1.963
 5306 327.36 638.20 22.059         2.043
 5307 153.60 653.77 21.420  0.699  1.558
 5308 155.78 654.98 21.824         2.055
 5309 183.95 652.87 21.392  0.704  1.594
 5310 426.32 633.34 18.986  1.584  1.247
 5311 447.90 632.37 21.255  0.053  0.739
 5312 457.60 633.69 21.874         2.034
 5313 483.95 632.09 21.839         2.667
 5314 142.57 661.05 20.924         1.554
 5315 468.00 634.18 21.514 -0.334  0.853
 5316 359.90 643.26 18.862  1.399  1.722
 5317 378.02 641.89 21.398  0.146  1.729
 5318 343.65 644.87 21.711  0.585  1.621
 5319 178.30 659.04 22.171 -0.025  1.670
 5320 292.89 650.18 19.467  1.262  1.513
 5321 355.24 645.77 21.688         1.158
 5322 219.12 657.22 21.541         1.717
 5323 154.40 664.47 21.860         1.756
 5324 298.17 655.09 21.696         2.008
 5325 258.17 658.43 21.911         1.486
 5326 254.18 659.46 22.127         1.944
 5327 481.08 641.73 20.065  1.359  1.633
 5328 173.17 667.32 20.709  0.954  1.590
 5329 280.22 659.02 21.091  1.071  1.755
 5330 397.78 649.68 22.298         1.444
 5331 258.08 663.79 20.143  1.325  1.543
 5332 298.66 661.16 21.730         2.090
 5333 436.68 652.71 21.166 -0.041  0.426
 5334 411.51 656.08 21.143  0.149  0.319
 5335 161.00 677.76 20.540  1.243  1.639
 5336 187.79 675.89 21.094  0.878  1.970
 5337 152.01 679.70 21.258         1.614
 5338 197.59 677.26 21.701         2.236
 5339 226.59 675.14 21.774         2.782
 5340 422.79 660.79 21.805         2.407
 5341 307.40 670.42 20.316  1.321  1.741
 5342 383.51 664.75 20.333  1.636  1.924
 5343 150.22 684.05 21.320         1.754
 5344 490.61 656.93 20.900  0.301  0.372
 5345 183.52 684.16 19.726  1.598  1.939
 5346 276.96 676.75 20.645  1.406  1.719
 5347 431.46 665.73 21.386         1.699
 5348 296.65 676.97 21.700         1.515
 5349 406.92 668.43 22.042         2.776
 5350 419.18 668.28 20.122  1.539  1.116
 5351 418.95 668.38 20.214  1.340  1.654
 5352 490.97 662.54 20.571  1.844  2.891
 5353 466.69 665.70 21.989         2.052
 5354 457.74 667.80 21.869         2.048
 5355 318.54 679.75 20.911  0.828  2.063
 5356 413.60 672.76 22.361         2.184
 5357 269.48 685.38 20.662  1.329  1.724
 5358 273.13 685.85 22.193         1.622
 5359 231.61 689.76 20.121  1.356  1.799
 5360 255.40 687.98 21.580         1.057
 5361 169.71 696.77 20.275  1.286  1.587
 5362 252.40 689.99 21.323  1.094  2.323
 5363 287.84 690.51 21.360         1.831
 5364 174.68 700.37 21.678         2.242
 5365 330.23 690.10 21.136         2.164
 5366 330.20 690.63 21.166  1.463  1.964
 5367 472.80 679.10 21.656  0.997  2.041
 5368 265.78 697.93 21.858         2.772
 5369 496.08 679.10 20.761         2.752
 5370 279.83 698.09 20.632  1.369  1.717
 5371 485.89 681.13 22.513         1.580
 5372 363.41 692.79 21.990  0.278  1.806
 5373 197.58 708.80 20.754         1.439
 5374 326.00 701.61 20.621  1.280  1.577
 5375 426.02 693.54 21.367         1.726
 5376 493.36 689.27 20.948  0.828  1.780
 5377 318.53 703.92 21.911  0.456  1.580
 5378 303.95 705.61 20.822  1.381  1.932
 5379 387.05 700.33 22.080         1.733
 5380 349.36 704.00 21.585  0.805  1.459
 5381 221.52 717.99 20.795         1.831
 5382 261.68 715.05 22.357         1.724
 5383 474.42 698.07 21.148  0.944  1.799
 5384 283.99 714.36 22.492         2.492
 5385 152.92 725.23 20.412         1.761
 5386 272.56 717.79 20.122  1.518  1.878
 5387 337.53 712.49 21.262  0.930  1.895
 5388 259.16 719.33 19.460  1.265  1.483
 5389 288.69 717.55 22.333         1.727
 5390 319.68 715.23 20.844  1.178  1.729
 5391 451.63 704.95 21.101         3.018
 5392 389.71 710.45 20.403  1.215  1.625
 5393 417.78 708.82 21.405  0.840  1.763
 5394 261.69 722.40 20.663  1.212  1.714
 5395 153.29 734.40 20.191  1.307  1.553
 5396 508.06 705.46 19.024  1.809  1.887
 5397 343.59 719.14 20.548  1.367  1.732
 5398 503.27 705.94 20.453  1.141  1.728
 5399 294.04 723.26 20.709  0.753  1.675
 5400 398.65 714.82 21.335  0.141  1.012
 5401 443.08 712.03 20.937  0.959  1.863
 5402 249.17 728.33 21.147         1.849
 5403 184.25 733.94 20.953         1.864
 5404 498.85 709.81 21.368         1.789
 5405 399.99 718.92 21.993         2.224
 5406 290.52 728.54 20.852  1.144  1.787
 5407 372.19 722.50 21.836         1.732
 5408 440.34 718.25 21.519         1.998
 5409 272.80 733.94 21.241  0.929  2.000
 5410 272.14 737.92 21.310         2.838
 5411 193.33 744.55 18.686  1.192  1.611
 5412 219.07 743.68 20.154  0.552  1.208
 5413 288.25 738.00 22.107         2.229
 5414 237.60 743.30 21.948  0.082  1.551
 5415 461.94 726.12 20.733  0.726 -0.054
 5416 359.95 734.78 20.600  1.284  1.708
 5417 387.17 734.22 19.594  1.549  1.689
 5418 277.60 744.01 21.521  0.628  1.585
 5419 473.52 729.61 21.096  0.076  0.036
 5420 306.73 743.65 21.837         1.743
 5421 199.34 752.92 21.921         0.846
 5422 152.12 757.63 19.997  1.658  1.509
 5423 393.97 740.02 22.451         2.080
 5424 428.64 739.09 20.613  1.352  1.659
 5425 266.45 753.11 21.990         1.230
 5426 356.49 747.06 21.612         3.352
 5427 388.84 745.71 19.772  1.411  1.559
 5428 497.85 737.30 21.147  1.178  1.790
 5429 431.88 742.87 21.150  0.895  1.948
 5430 426.48 743.99 20.988  0.020  0.334
 5431 259.48 758.35 20.865  1.606  2.053
 5432 448.88 743.72 21.895         1.676
 5433 389.35 750.03 20.559         2.346
 5434 393.93 750.10 21.285         1.889
 5435 399.09 750.68 22.288         1.598
 5436 495.35 743.31 22.201  0.360  1.996
 5437 371.59 754.90 21.063         2.684
 5438 264.60 768.14 20.746  1.053  1.580
 5439 505.57 748.58 21.034         1.846
 5440 474.84 751.35 21.253         1.938
 5441 234.85 772.55 20.643  1.116  1.736
 5442 351.57 763.30 19.906  1.910  2.407
 5443 279.69 771.27 20.170  1.339  1.648
 5444 472.51 755.61 21.042  0.216  0.669
 5445 311.75 769.89 21.800         2.121
 5446 467.02 757.78 21.685  0.654  2.098
 5447 273.30 775.08 22.548         1.976
 5448 197.81 782.68 21.096  1.400  1.627
 5449 283.29 776.45 22.422         1.339
 5450 419.64 766.21 20.544  1.244  1.898
 5451 190.79 785.25 20.303  1.237  1.546
 5452 421.64 766.17 21.321         1.965
 5453 372.71 771.27 21.113  0.945  1.606
 5454 379.45 772.12 21.109         2.073
 5455 279.44 781.62 20.843  1.280  1.787
 5456 190.46 789.32 19.567  1.348  1.656
 5457 407.42 771.52 21.326  0.811  1.912
 5458 294.56 783.50 21.615         2.512
 5459 475.08 768.91 21.899         1.818
 5460 451.12 771.03 21.295         1.475
 5461 345.15 779.86 21.467         1.651
 5462 266.51 786.48 20.167  1.899  2.372
 5463 363.24 779.54 21.154         1.907
 5464 483.67 769.64 19.979  1.965  2.815
 5465 301.15 784.76 22.184         1.956
 5466 292.67 785.65 19.879  1.280  1.553
 5467 242.92 789.78 20.762  0.717  1.579
 5468 207.00 794.12 20.256  1.209  1.599
 5469 338.93 783.77 21.129  1.296  1.786
 5470 405.52 778.44 22.249         2.810
 5471 277.29 789.78 21.264  0.955  2.073
 5472 397.83 780.52 21.262  0.156  0.820
 5473 490.25 772.99 21.213  0.030  0.653
 5474 328.08 787.62 22.111         2.457
 5475 195.55 798.78 20.662  1.381  1.911
 5476 222.24 797.48 19.838  1.144  1.436
 5477 281.71 793.38 21.120  1.117  2.005
 5478 166.58 803.68 19.910  1.242  1.585
 5479 496.40 776.89 22.420         1.892
 5480 211.87 801.11 21.861         1.460
 5481 431.10 784.05 20.180  1.681  1.733
 5482 474.02 780.69 21.134         1.963
 5483 330.54 792.83 22.316         1.738
 5484 317.71 794.03 21.315  0.839  0.318
 5485 380.34 788.89 20.818  1.568  2.034
 5486 458.68 783.41 20.587  0.883  1.438
 5487 433.91 785.67 21.352         1.781
 5488 265.65 801.53 22.135         1.538
 5489 510.01 781.96 21.458         1.794
 5490 343.16 796.02 21.647         1.851
 5491 236.63 806.23 20.031  1.415  1.912
 5492 441.49 789.57 20.049  1.381  1.652
 5493 290.16 802.11 21.961         1.713
 5494 418.33 792.80 20.037  1.315  1.643
 5495 392.82 797.79 19.928  1.148  1.520
 5496 286.33 806.85 20.124  1.766  2.036
 5497 507.32 788.80 21.170  0.633  1.853
 5498 324.96 804.03 21.285         2.180
 5499 368.36 800.82 21.842         3.199
 5500 317.31 805.67 20.653  1.429  1.734
 5501 215.15 814.48 19.712  1.379  1.617
 5502 302.65 807.52 22.186         1.457
 5503 326.73 806.68 21.704         1.831
 5504 221.49 815.59 21.574         1.607
 5505 160.09 820.71 18.876  1.133  1.338
 5506 322.90 807.71 22.017         2.317
 5507 422.57 800.08 22.195         1.804
 5508 204.75 820.19 16.233  0.772  1.012
 5509 501.46 796.92 20.353  1.428  2.068
 5510 493.50 797.94 22.329         3.311
 5511 417.19 806.19 21.798         1.871
 5512 415.51 806.54 21.198         2.170
 5513 415.19 806.70 21.358  0.848  2.060
 5514 486.11 801.69 21.968         1.360
 5515 411.40 807.97 21.469         1.597
 5516 369.09 811.72 22.245         2.061
 5517 149.59 830.14 20.291  1.264  1.643
 5518 216.69 826.30 19.725  1.188  1.470
 5519 292.75 820.55 20.523         2.880
 5520 249.16 824.41 22.529         1.956
 5521 202.55 828.31 21.537         1.883
 5522 294.85 820.77 20.305  1.211  1.769
 5523 501.27 804.82 21.143  0.178  0.207
 5524 419.99 812.66 20.309  1.413  1.799
 5525 241.36 828.22 21.638         1.711
 5526 310.07 823.04 20.121  1.233  1.645
 5527 417.30 815.17 21.891         2.226
 5528 339.73 821.76 21.658         2.019
 5529 323.36 823.18 21.762         1.625
 5530 299.96 825.23 20.272  1.316  1.574
 5531 318.38 824.74 21.896         1.645
 5532 458.01 813.31 20.670  1.648  1.798
 5533 308.87 826.74 20.717  1.622  2.147
 5534 172.73 838.09 20.416  1.305  1.510
 5535 191.58 836.57 20.337  1.491  1.874
 5536 338.14 824.90 21.233         1.901
 5537 226.30 837.23 21.235  1.403  2.847
 5538 388.52 824.09 21.030         1.737
 5539 219.87 838.87 21.053  0.786  1.801
 5540 263.85 835.51 22.088         2.134
 5541 451.52 820.55 21.931         1.814
 5542 293.18 833.75 20.552  1.433  1.977
 5543 260.67 836.64 21.838         2.039
 5544 374.76 829.55 21.987         1.303
 5545 438.26 824.43 21.840         1.636
 5546 287.63 837.00 21.123  1.202  1.787
 5547 181.17 846.46 22.212         1.963
 5548 244.01 843.15 20.290  1.103  1.526
 5549 430.75 829.13 21.912 -0.050  0.919
 5550 488.38 825.02 22.095         1.631
 5551 394.35 835.21 22.167         1.469
 5552 206.90 851.01 20.884  1.406  1.722
 5553 249.99 848.97 20.240         2.670
 5554 383.69 838.42 22.039         1.885
 5555 455.14 833.71 22.212         1.403
 5556 432.56 836.60 21.768         2.403
 5557 239.27 853.76 20.198  1.128  1.605
 5558 426.32 838.33 19.528  1.757  2.636
 5559 470.54 834.84 20.163  1.360  1.638
 5560 301.08 850.30 21.886  0.399  1.948
 5561 445.95 838.96 22.225         1.214
 5562 329.71 848.86 21.231         1.926
 5563 403.66 843.29 22.077         1.730
 5564 180.07 862.02 21.230         2.046
 5565 492.15 837.29 21.263         2.210
 5566 224.21 859.55 20.118  1.318  1.710
 5567 431.66 842.44 21.488         2.085
 5568 482.57 839.52 21.700  0.125  1.986
 5569 506.22 838.39 21.407         1.532
 5570 210.76 863.16 21.605         1.940
 5571 324.00 853.91 21.851         1.614
 5572 447.23 844.57 21.854         1.451
 5573 469.74 846.93 21.135  1.162  1.572
 5574 270.40 864.37 21.625         1.720
 5575 256.33 866.41 21.912         1.698
 5576 224.93 869.25 20.602  1.385  1.727
 5577 468.63 849.32 21.865         2.458
 5578 423.65 853.72 21.156         1.764
 5579 276.93 867.11 21.334  0.875  1.730
 5580 313.02 865.07 20.112  1.333  1.649
 5581 333.08 863.91 22.129         1.664
 5582 513.30 849.49 20.235  1.548  1.774
 5583 352.94 863.21 21.579         2.464
 5584 206.02 875.86 21.179  1.158  2.364
 5585 354.22 863.82 21.469         1.619
 5586 465.37 854.70 21.358         2.027
 5587 498.12 853.31 20.197  1.507  1.791
 5588 376.97 863.54 21.692         1.895
 5589 420.47 860.42 20.747  1.214  1.776
 5590 407.11 862.86 22.093  0.232  2.112
 5591 369.00 868.83 20.713  1.291  1.875
 5592 306.41 874.21 22.521         1.629
 5593 478.46 860.72 21.847         2.599
 5594 325.64 874.48 21.931  0.962  2.899
 5595 504.44 859.86 20.903  1.564  2.667
 5596 387.12 869.77 20.303  1.220  1.698
 5597 513.32 859.59 21.523         2.052
 5598 299.93 877.85 21.792         1.564
 5599 462.79 864.40 22.167         1.635
 5600 510.08 860.91 20.754  1.040  1.769
 5601 267.95 881.42 20.644  1.455  1.700
 5602 382.01 872.40 20.525  1.419  1.738
 5603 386.55 872.98 21.499         2.127
 5604 484.32 866.33 22.045         1.918
 5605 183.23 892.07 21.379  0.678  1.788
 5606 174.45 895.11 21.102  1.082  1.872
 5607 265.90 889.77 20.592  1.243  1.622
 5608 272.85 890.27 20.989         1.994
 5609 482.25 872.98 20.888         1.554
 5610 296.58 888.36 22.669         3.015
 5611 300.42 888.67 21.773         2.305
 5612 169.64 899.87 21.209         1.618
 5613 254.47 897.69 20.733  1.142  1.610
 5614 465.44 880.80 21.704  0.689  1.829
 5615 218.80 901.95 20.417  1.047  1.666
 5616 479.11 881.19 21.033         1.863
 5617 271.39 898.96 21.059  1.071  1.663
 5618 234.73 902.17 20.714  1.127  1.706
 5619 427.47 887.53 19.464  1.263  1.507
 5620 170.79 910.16 22.000         1.521
 5621 246.91 903.88 21.538  0.552  1.786
 5622 506.24 885.27 20.955  1.527  1.840
 5623 386.03 895.57 21.327         2.167
 5624 277.09 905.64 21.016  1.206  1.721
 5625 315.24 903.67 22.280         1.694
 5626 479.68 890.77 19.469  1.227  1.518
 5627 419.46 895.89 21.096         1.751
 5628 309.98 905.36 21.592         1.958
 5629 509.15 892.84 20.980  1.723  1.789
 5630 425.89 900.32 22.535         2.149
 5631 344.77 907.35 18.190  1.163  1.466
 5632 288.62 912.55 21.854         1.821
 5633 171.03 922.54 19.566  1.506  1.630
 5634 203.86 919.99 21.780         2.102
 5635 413.21 903.50 19.276  1.177  1.563
 5636 446.74 901.18 21.088  0.859  1.894
 5637 258.83 919.96 22.289         1.708
 5638 336.57 913.56 21.585         1.834
 5639 464.30 905.78 20.764  0.222  0.826
 5640 494.66 903.38 21.106  1.009  2.003
 5641 400.16 911.76 20.106  1.594  1.795
 5642 182.47 931.43 22.316  0.015  2.889
 5643 196.97 930.39 21.645         1.924
 5644 158.82 933.75 21.694         2.396
 5645 328.24 921.74 21.893         1.714
 5646 193.07 934.67 22.413         1.441
 5647 361.80 921.04 20.599  1.322  1.734
 5648 256.18 931.16 22.063         1.484
 5649 204.44 935.66 20.536  1.311  2.175
 5650 485.05 913.50 21.951         0.985
 5651 290.74 929.77 20.997  1.101  1.609
 5652 384.13 922.11 20.104  1.378  1.640
 5653 451.83 916.88 19.261  1.758  2.140
 5654 286.22 932.49 20.460  1.470  1.769
 5655 308.24 930.95 21.300  0.379  1.883
 5656 280.71 933.66 21.059  1.235  1.714
 5657 330.58 929.94 20.363  1.448  1.717
 5658 374.17 927.91 21.450         1.517
 5659 440.61 924.57 21.211         1.839
 5660 215.74 944.27 21.184  0.998  1.955
 5661 361.02 933.82 20.994         2.552
 5662 306.75 939.61 20.625  1.326  1.889
 5663 282.11 942.76 21.067  1.173  2.055
 5664 233.22 947.14 19.912  1.201  1.576
 5665 247.69 946.05 21.382         1.663
 5666 268.21 945.79 21.977         1.808
 5667 490.99 927.39 20.458  1.236  1.744
 5668 419.72 934.79 21.623         2.085
 5669 465.63 932.23 21.201         1.961
 5670 332.95 944.38 22.214         2.008
 5671 414.14 937.72 21.334 -0.210  0.253
 5672 420.74 937.28 21.732         2.314
 5673 176.40 960.12 18.812  1.152  1.414
 5674 449.23 938.30 19.655  1.768  2.140
 5675 322.12 948.99 21.459  0.786  1.647
 5676 404.33 942.41 20.352  1.264  1.758
 5677 383.24 945.16 20.494  1.334  1.678
 5678 247.69 956.87 21.446         3.112
 5679 245.64 958.38 21.495 -0.111  1.222
 5680 262.15 960.17 18.407  1.052  1.410
 5681 264.12 960.82 19.590  1.140  1.436
 5682 240.81 964.21 19.128  1.298  1.409
 5683 217.15 967.63 16.585  1.083  1.207
 5684 259.16 969.60 19.672  1.607  2.934
 5685 410.92 958.07 14.837  0.522  0.691
 5686 269.10 969.90 20.288         2.750
 5687 159.37 980.50 16.606  1.015  1.171
 5688 422.55 959.48 19.779  1.267  1.907
 5689 343.32 966.83 19.035  0.924  1.299
 5690 407.77 964.67 19.883         1.833
 5691 294.79 977.99 20.682  1.232  1.511
 5692 424.72 967.35 18.651  1.258  1.540
